1 PINHOLE 1267 832 1057.491478 1044.952116 633.500000 416.000000
2 PINHOLE 1267 832 1053.729477 1050.221697 633.500000 416.000000
3 PINHOLE 1267 832 1056.446077 1050.901378 633.500000 416.000000
4 PINHOLE 1267 832 1054.103353 1049.272369 633.500000 416.000000
5 PINHOLE 1267 832 1059.317895 1055.164763 633.500000 416.000000
6 PINHOLE 1267 832 1055.093616 1053.124627 633.500000 416.000000
7 PINHOLE 1267 832 1055.705916 1053.193428 633.500000 416.000000
8 PINHOLE 1267 832 1053.253166 1052.054484 633.500000 416.000000
9 PINHOLE 1267 832 1058.879980 1055.763360 633.500000 416.000000
10 PINHOLE 1267 832 1053.172722 1052.521826 633.500000 416.000000
11 PINHOLE 1267 832 1058.624461 1055.272231 633.500000 416.000000
12 PINHOLE 1267 832 1053.873427 1052.700786 633.500000 416.000000
13 PINHOLE 1267 832 1053.856926 1050.750119 633.500000 416.000000
14 PINHOLE 1267 832 1053.536781 1052.403466 633.500000 416.000000
15 PINHOLE 1267 832 1055.576570 1051.388992 633.500000 416.000000
16 PINHOLE 1267 832 1053.829755 1051.677936 633.500000 416.000000
17 PINHOLE 1267 832 1056.904226 1051.864439 633.500000 416.000000
18 PINHOLE 1267 832 1053.264537 1050.245282 633.500000 416.000000
19 PINHOLE 1267 832 1056.109079 1051.895788 633.500000 416.000000
20 PINHOLE 1267 832 1053.099676 1051.035465 633.500000 416.000000
21 PINHOLE 1267 832 1057.627318 1053.492329 633.500000 416.000000
22 PINHOLE 1267 832 1053.038147 1051.564595 633.500000 416.000000
23 PINHOLE 1267 832 1055.938142 1051.410607 633.500000 416.000000
24 PINHOLE 1267 832 1052.714250 1051.255285 633.500000 416.000000
25 PINHOLE 1267 832 1056.485197 1052.864466 633.500000 416.000000
26 PINHOLE 1267 832 1052.931586 1050.237329 633.500000 416.000000
27 PINHOLE 1267 832 1051.342716 1047.297729 633.500000 416.000000
28 PINHOLE 1267 832 1054.218486 1052.030461 633.500000 416.000000
29 PINHOLE 1267 832 1053.548726 1049.095054 633.500000 416.000000
30 PINHOLE 1267 832 1052.074129 1050.527007 633.500000 416.000000
31 PINHOLE 1267 832 1053.278182 1050.337439 633.500000 416.000000
32 PINHOLE 1267 832 1055.467634 1053.847471 633.500000 416.000000
33 PINHOLE 1267 832 1054.786594 1047.731380 633.500000 416.000000
34 PINHOLE 1267 832 1053.540052 1051.802570 633.500000 416.000000
35 PINHOLE 1267 832 1048.291247 1045.171555 633.500000 416.000000
36 PINHOLE 1267 832 1050.896746 1049.887669 633.500000 416.000000
37 PINHOLE 1267 832 1054.802547 1049.416961 633.500000 416.000000
38 PINHOLE 1267 832 1053.746260 1052.274214 633.500000 416.000000
39 PINHOLE 1267 832 1054.448096 1049.777129 633.500000 416.000000
40 PINHOLE 1267 832 1052.551504 1052.354569 633.500000 416.000000
41 PINHOLE 1267 832 1044.575579 1043.284858 633.500000 416.000000
42 PINHOLE 1267 832 1052.406966 1049.853591 633.500000 416.000000
43 PINHOLE 1267 832 1049.496164 1045.932277 633.500000 416.000000
44 PINHOLE 1267 832 1050.537423 1046.951304 633.500000 416.000000
45 PINHOLE 1267 832 1054.990311 1050.640245 633.500000 416.000000
46 PINHOLE 1267 832 1053.980129 1051.947307 633.500000 416.000000
47 PINHOLE 1267 832 1055.236843 1051.385511 633.500000 416.000000
48 PINHOLE 1267 832 1052.407534 1049.777037 633.500000 416.000000
49 PINHOLE 1267 832 1048.450487 1045.005042 633.500000 416.000000
50 PINHOLE 1267 832 1053.362334 1051.491764 633.500000 416.000000
51 PINHOLE 1267 832 1052.307880 1049.097974 633.500000 416.000000
52 PINHOLE 1267 832 1055.275327 1053.670196 633.500000 416.000000
53 PINHOLE 1267 832 1054.122422 1051.315357 633.500000 416.000000
54 PINHOLE 1267 832 1056.089243 1054.134364 633.500000 416.000000
55 PINHOLE 1267 832 1052.424002 1049.803255 633.500000 416.000000
56 PINHOLE 1267 832 1055.727880 1052.539811 633.500000 416.000000
57 PINHOLE 1267 832 1051.812936 1048.275680 633.500000 416.000000
58 PINHOLE 1267 832 1053.723076 1051.407951 633.500000 416.000000
59 PINHOLE 1267 832 1054.067636 1051.334315 633.500000 416.000000
60 PINHOLE 1267 832 1055.408896 1051.116663 633.500000 416.000000
61 PINHOLE 1267 832 1053.959783 1051.356569 633.500000 416.000000
62 PINHOLE 1267 832 1055.696788 1053.517052 633.500000 416.000000
63 PINHOLE 1267 832 1055.225441 1051.581270 633.500000 416.000000
64 PINHOLE 1267 832 1056.342434 1053.504001 633.500000 416.000000
65 PINHOLE 1267 832 1056.440223 1051.382031 633.500000 416.000000
66 PINHOLE 1267 832 1059.071535 1054.095540 633.500000 416.000000
67 PINHOLE 1267 832 1055.178124 1051.379375 633.500000 416.000000
68 PINHOLE 1267 832 1065.030846 1061.952896 633.500000 416.000000
69 PINHOLE 1267 832 1060.096943 1056.851133 633.500000 416.000000
70 PINHOLE 1267 832 1060.708352 1057.899558 633.500000 416.000000
71 PINHOLE 1267 832 1058.522079 1053.538192 633.500000 416.000000
72 PINHOLE 1267 832 1060.639132 1058.247087 633.500000 416.000000
73 PINHOLE 1267 832 1058.985135 1055.426185 633.500000 416.000000
74 PINHOLE 1267 832 1058.336395 1056.813890 633.500000 416.000000
75 PINHOLE 1267 832 1061.057141 1058.407260 633.500000 416.000000
76 PINHOLE 1267 832 1059.764683 1057.514109 633.500000 416.000000
77 PINHOLE 1267 832 1060.029934 1056.867213 633.500000 416.000000
78 PINHOLE 1267 832 1060.181898 1057.591642 633.500000 416.000000
79 PINHOLE 1267 832 1059.001612 1055.355841 633.500000 416.000000
80 PINHOLE 1267 832 1057.824548 1055.978341 633.500000 416.000000
81 PINHOLE 1267 832 1061.388993 1058.186790 633.500000 416.000000
82 PINHOLE 1267 832 1058.424721 1055.268360 633.500000 416.000000
83 PINHOLE 1267 832 1060.761924 1057.528634 633.500000 416.000000
84 PINHOLE 1267 832 1055.854829 1052.532287 633.500000 416.000000
85 PINHOLE 1267 832 1062.611219 1059.013034 633.500000 416.000000
86 PINHOLE 1267 832 1055.347169 1052.115277 633.500000 416.000000
87 PINHOLE 1267 832 1061.978625 1058.395957 633.500000 416.000000
88 PINHOLE 1267 832 1056.672687 1054.341961 633.500000 416.000000
89 PINHOLE 1267 832 1064.545693 1060.605275 633.500000 416.000000
90 PINHOLE 1267 832 1057.180999 1053.676999 633.500000 416.000000
91 PINHOLE 1267 832 1063.045648 1059.049947 633.500000 416.000000
92 PINHOLE 1267 832 1057.442152 1054.278276 633.500000 416.000000
93 PINHOLE 1267 832 1061.061739 1057.065943 633.500000 416.000000
94 PINHOLE 1267 832 1057.059674 1053.774458 633.500000 416.000000
95 PINHOLE 1267 832 1061.461879 1056.973872 633.500000 416.000000
96 PINHOLE 1267 832 1054.494938 1052.706661 633.500000 416.000000
97 PINHOLE 1267 832 1059.820623 1055.950473 633.500000 416.000000
98 PINHOLE 1267 832 1056.380977 1054.377580 633.500000 416.000000
99 PINHOLE 1267 832 1059.897081 1056.217124 633.500000 416.000000
100 PINHOLE 1267 832 1056.463067 1054.022681 633.500000 416.000000
101 PINHOLE 1267 832 1060.993778 1057.887801 633.500000 416.000000
102 PINHOLE 1267 832 1055.262927 1052.633326 633.500000 416.000000
103 PINHOLE 1267 832 1059.622272 1056.644897 633.500000 416.000000
104 PINHOLE 1267 832 1055.309537 1053.005966 633.500000 416.000000
105 PINHOLE 1267 832 1061.276442 1058.471748 633.500000 416.000000
106 PINHOLE 1267 832 1055.685521 1052.210377 633.500000 416.000000
107 PINHOLE 1267 832 1058.178667 1053.609890 633.500000 416.000000
108 PINHOLE 1267 832 1055.755693 1052.700602 633.500000 416.000000
109 PINHOLE 1267 832 1057.413988 1053.070436 633.500000 416.000000
110 PINHOLE 1267 832 1055.611649 1052.462460 633.500000 416.000000
111 PINHOLE 1267 832 1060.193810 1057.183641 633.500000 416.000000
112 PINHOLE 1267 832 1055.680530 1052.753199 633.500000 416.000000
113 PINHOLE 1267 832 1063.025332 1061.244878 633.500000 416.000000
114 PINHOLE 1267 832 1055.855542 1054.584247 633.500000 416.000000
115 PINHOLE 1267 832 1061.400205 1057.962604 633.500000 416.000000
116 PINHOLE 1267 832 1055.842133 1053.607040 633.500000 416.000000
117 PINHOLE 1267 832 1060.971221 1056.626420 633.500000 416.000000
118 PINHOLE 1267 832 1057.507205 1053.950200 633.500000 416.000000
119 PINHOLE 1267 832 1058.279569 1054.251957 633.500000 416.000000
120 PINHOLE 1267 832 1056.336153 1054.671446 633.500000 416.000000
121 PINHOLE 1267 832 1060.514207 1056.372425 633.500000 416.000000
122 PINHOLE 1267 832 1055.291149 1052.235691 633.500000 416.000000
123 PINHOLE 1267 832 1058.984132 1056.016271 633.500000 416.000000
124 PINHOLE 1267 832 1055.006554 1053.410996 633.500000 416.000000
125 PINHOLE 1267 832 1060.122343 1056.901501 633.500000 416.000000
126 PINHOLE 1267 832 1056.170871 1053.352003 633.500000 416.000000
127 PINHOLE 1267 832 1058.740035 1055.684122 633.500000 416.000000
128 PINHOLE 1267 832 1055.164585 1052.983926 633.500000 416.000000
129 PINHOLE 1267 832 1060.803434 1058.986232 633.500000 416.000000
130 PINHOLE 1267 832 1055.215607 1052.835913 633.500000 416.000000
131 PINHOLE 1267 832 1055.600811 1051.678027 633.500000 416.000000
132 PINHOLE 1267 832 1054.347873 1050.172518 633.500000 416.000000
133 PINHOLE 1267 832 1057.363668 1054.776801 633.500000 416.000000
134 PINHOLE 1267 832 1057.813963 1054.376752 633.500000 416.000000
135 PINHOLE 1267 832 1057.686668 1052.918913 633.500000 416.000000
136 PINHOLE 1267 832 1058.500029 1055.219048 633.500000 416.000000
137 PINHOLE 1267 832 1057.163278 1053.331972 633.500000 416.000000
138 PINHOLE 1267 832 1057.994646 1054.411452 633.500000 416.000000
139 PINHOLE 1267 832 1056.542738 1053.159991 633.500000 416.000000
140 PINHOLE 1267 832 1056.632843 1052.884022 633.500000 416.000000
141 PINHOLE 1267 832 1056.635842 1054.225363 633.500000 416.000000