1 -0.632837 0.175792 0.747801 0.096996 0.186380 -0.607327 4.114008 1 _DSC8874.JPG

2 -0.597488 0.277820 0.751670 -0.028583 0.219920 0.629683 4.232788 2 _DSC8875.JPG

3 -0.466558 0.116495 0.864072 0.148768 0.051231 -0.892655 3.947434 3 _DSC8876.JPG

4 0.434407 -0.190827 -0.880261 0.004056 -0.012851 0.379747 4.123092 4 _DSC8877.JPG

5 0.329637 -0.067620 -0.924075 -0.181251 0.122802 -0.975074 4.005481 5 _DSC8878.JPG

6 0.305655 -0.131281 -0.943048 -0.000140 0.090027 0.410373 4.220432 6 _DSC8879.JPG

7 -0.086396 0.040898 0.973217 0.209073 -0.093350 -1.064662 4.186698 7 _DSC8880.JPG

8 0.110352 -0.074683 -0.991041 0.009068 0.256150 0.654779 4.365604 8 _DSC8881.JPG

9 -0.075297 -0.019970 -0.976722 -0.199865 0.340472 -1.002517 4.517216 9 _DSC8882.JPG

10 -0.111256 -0.001431 -0.993696 -0.013694 0.007492 0.607881 4.649639 10 _DSC8883.JPG

11 -0.283618 0.035659 -0.938861 -0.191909 0.321225 -0.956261 4.678983 11 _DSC8884.JPG

12 -0.284503 0.091601 -0.953617 -0.035816 0.191754 0.533527 4.785312 12 _DSC8885.JPG

13 -0.487762 0.062902 -0.854920 -0.165059 0.111875 -0.950327 4.449514 13 _DSC8886.JPG

14 -0.455464 0.139080 -0.879250 0.011388 0.253312 0.734870 4.543615 14 _DSC8887.JPG

15 -0.616840 0.113490 -0.765629 -0.142972 0.345775 -0.700438 4.128652 15 _DSC8888.JPG

16 -0.596985 0.225654 -0.769838 0.006234 0.200160 0.733977 4.256703 16 _DSC8889.JPG

17 0.763509 -0.141385 0.614974 0.137370 0.443418 -0.847956 3.932831 17 _DSC8890.JPG

18 0.738344 -0.270235 0.617618 0.019223 0.302736 0.446319 4.078017 18 _DSC8891.JPG

19 -0.877163 0.158064 -0.442106 -0.100709 0.584578 -0.774100 3.804439 19 _DSC8892.JPG

20 0.841853 -0.326593 0.429674 0.000862 0.350029 0.562322 3.960268 20 _DSC8893.JPG

21 -0.963730 0.167483 -0.200799 -0.053415 0.505743 -0.909227 4.148349 21 _DSC8894.JPG

22 -0.909239 0.367643 -0.194807 -0.013128 0.393254 0.750939 4.286338 22 _DSC8895.JPG

23 0.979801 -0.192784 -0.051874 0.011567 0.439721 -0.798283 4.350189 23 _DSC8896.JPG

24 -0.921116 0.384131 0.059608 -0.020874 0.338238 0.827021 4.436477 24 _DSC8897.JPG

25 -0.936858 0.166103 0.306681 0.025572 0.153545 -1.144319 4.374498 25 _DSC8898.JPG

26 0.886760 -0.344986 -0.306317 0.028485 0.126772 0.438551 4.596810 26 _DSC8899.JPG

27 0.844938 -0.189288 -0.496847 -0.058250 0.033623 -0.892147 4.320212 27 _DSC8900.JPG

28 0.787971 -0.337140 -0.514652 0.023906 -0.130854 0.551013 4.473590 28 _DSC8901.JPG

29 0.719070 -0.116685 -0.671460 -0.135883 0.015684 -0.800794 3.697065 29 _DSC8902.JPG

30 -0.680375 0.230435 0.694650 0.038096 -0.113064 0.145760 3.942234 30 _DSC8903.JPG

31 0.531559 -0.085611 -0.825569 -0.168973 0.052503 -0.671416 3.543408 31 _DSC8904.JPG

32 -0.496289 0.214967 0.840945 -0.017262 0.061481 0.807900 3.638995 32 _DSC8905.JPG

33 0.290553 -0.042194 -0.932260 -0.211401 0.041194 -0.701730 3.625627 33 _DSC8906.JPG

34 -0.269906 0.140330 0.951526 -0.045346 0.118598 1.159976 3.613633 34 _DSC8907.JPG

35 -0.001147 -0.002875 -0.975351 -0.220636 -0.084579 -0.597703 3.661735 35 _DSC8908.JPG

36 0.011070 -0.016188 -0.999718 0.013423 0.055161 1.026615 3.713478 36 _DSC8909.JPG

37 -0.249849 0.032533 -0.938606 -0.235662 -0.087189 -0.689312 4.035653 37 _DSC8910.JPG

38 0.221406 -0.072093 0.972071 0.029306 0.099226 0.862808 4.147333 38 _DSC8911.JPG

39 -0.430615 0.071609 -0.874408 -0.211788 0.000600 -0.592097 4.128074 39 _DSC8912.JPG

40 -0.409121 0.171092 -0.896097 -0.018910 -0.046485 1.033133 4.275465 40 _DSC8913.JPG

41 0.587881 -0.052446 0.775694 0.223483 0.174341 -0.936898 3.756297 41 _DSC8914.JPG

42 -0.561545 0.179250 -0.807370 -0.026274 0.158848 0.635005 3.951657 42 _DSC8915.JPG

43 -0.748227 0.100510 -0.631509 -0.176777 0.276823 -0.594538 3.490700 43 _DSC8916.JPG

44 -0.710088 0.214997 -0.668431 -0.052449 0.431378 0.311923 3.738793 44 _DSC8917.JPG

45 -0.883457 0.109140 -0.431761 -0.145515 0.262472 -0.666083 3.378706 45 _DSC8918.JPG

46 0.823023 -0.294086 0.485865 0.009009 0.507749 0.625770 3.597702 46 _DSC8919.JPG

47 0.967604 -0.112797 0.209997 0.083191 0.318344 -0.760979 3.460598 47 _DSC8920.JPG

48 -0.926145 0.283940 -0.246227 -0.031704 0.500129 0.240242 3.719763 48 _DSC8921.JPG

49 -0.992564 0.118327 0.024482 -0.014666 0.312970 -0.810565 3.732002 49 _DSC8922.JPG

50 0.933975 -0.355239 -0.015518 0.035428 0.363727 0.796760 3.962791 50 _DSC8923.JPG

51 0.954923 -0.136749 -0.262405 -0.023789 0.083896 -0.689087 3.757570 51 _DSC8924.JPG

52 0.907653 -0.335029 -0.250576 0.033665 0.166918 0.673849 3.939510 52 _DSC8925.JPG

53 0.872813 -0.110927 -0.464762 -0.099443 -0.060291 -0.915527 3.500447 53 _DSC8926.JPG

54 -0.809730 0.319140 0.492393 -0.006033 -0.218254 0.598370 3.795265 54 _DSC8927.JPG

55 -0.758604 0.017793 0.610690 0.226409 -0.106162 -1.179679 3.243673 55 _DSC8928.JPG

56 0.753511 -0.134942 -0.634054 -0.109489 -0.014561 -0.435043 3.389560 56 _DSC8929.JPG

57 -0.567627 0.004395 0.768901 0.294231 -0.129297 -1.134106 3.166353 57 _DSC8930.JPG

58 -0.564609 0.068691 0.798069 0.198957 -0.095686 -0.776670 3.256304 58 _DSC8931.JPG

59 -0.327897 0.023467 0.890824 0.313633 -0.137017 -0.853576 3.376314 59 _DSC8932.JPG

60 0.321469 -0.053969 -0.916279 -0.232762 -0.160931 -0.691895 3.381799 60 _DSC8933.JPG

61 0.094275 -0.030731 -0.932931 -0.346132 -0.097699 -0.870033 3.428282 61 _DSC8934.JPG

62 0.093339 -0.027429 -0.972056 -0.213643 -0.079020 -0.327455 3.455798 62 _DSC8935.JPG

63 0.105557 0.022054 0.936198 0.334521 0.083942 -0.779535 3.572591 63 _DSC8936.JPG

64 -0.123231 0.007438 -0.967990 -0.218529 -0.046476 -0.385441 3.592659 64 _DSC8937.JPG

65 0.305144 0.007271 0.902907 0.302644 0.157958 -0.647244 3.854990 65 _DSC8938.JPG

66 0.331306 -0.021542 0.916237 0.224234 -0.043670 -0.429940 3.784505 66 _DSC8939.JPG

67 0.525320 -0.012432 0.792110 0.310559 0.128041 -0.982799 3.540722 67 _DSC8940.JPG

68 -0.529447 0.060043 -0.821770 -0.201930 0.077978 -0.515239 3.624248 68 _DSC8941.JPG

69 -0.693528 0.032879 -0.672065 -0.257423 0.229398 -0.633551 3.404945 69 _DSC8942.JPG

70 0.692859 -0.072460 0.692045 0.189127 0.218149 -0.524955 3.335393 70 _DSC8943.JPG

71 0.842024 -0.003011 0.494169 0.216295 0.353009 -0.844803 3.195634 71 _DSC8944.JPG

72 -0.847638 0.106795 -0.506208 -0.117715 0.298625 -0.482226 3.270188 72 _DSC8945.JPG

73 0.956238 -0.018033 0.264465 0.123861 0.294889 -0.791004 3.295095 73 _DSC8946.JPG

74 0.939825 -0.168902 0.288828 0.069138 0.336191 -0.183059 3.318205 74 _DSC8947.JPG

75 -0.998820 0.042138 -0.020239 -0.013144 0.230942 -0.742214 3.611395 75 _DSC8948.JPG

76 0.985000 -0.169916 0.017622 0.024334 0.236946 -0.378902 3.630306 76 _DSC8949.JPG

77 -0.974276 0.065457 0.209020 0.053033 0.098887 -0.732482 3.846786 77 _DSC8950.JPG

78 0.955047 -0.193803 -0.221252 -0.037059 0.006256 -0.300568 3.792773 78 _DSC8951.JPG

79 -0.898727 0.059541 0.419156 0.114253 -0.026972 -0.853112 3.789485 79 _DSC8952.JPG

80 -0.887415 0.186280 0.418830 0.048755 0.052960 -0.313733 3.838777 80 _DSC8953.JPG

81 0.763268 -0.051027 -0.610250 -0.205945 -0.104741 -0.743944 3.617712 81 _DSC8954.JPG

82 0.741317 -0.171607 -0.642210 -0.092555 -0.161190 0.303999 3.592968 82 _DSC8955.JPG

83 0.570112 -0.063290 -0.782022 -0.243740 -0.061747 -0.445155 3.521138 83 _DSC8956.JPG

84 0.532682 -0.146908 -0.826774 -0.105417 -0.268200 0.630760 3.441376 84 _DSC8957.JPG

85 0.314749 -0.051258 -0.907304 -0.274052 -0.141367 -0.258311 3.713131 85 _DSC8958.JPG

86 0.283179 -0.098864 -0.949366 -0.093488 -0.307640 1.045046 3.506345 86 _DSC8959.JPG

87 0.037230 -0.029909 -0.949461 -0.310232 -0.242589 -0.409696 3.690918 87 _DSC8960.JPG

88 0.017043 -0.017328 -0.988397 -0.149937 -0.385522 0.679803 3.571331 88 _DSC8961.JPG

89 0.187652 0.015041 0.929973 0.315770 -0.027630 -0.504884 3.947154 89 _DSC8962.JPG

90 -0.215392 0.025749 -0.960940 -0.171869 -0.267300 0.550670 3.855448 90 _DSC8963.JPG

91 -0.402125 0.008547 -0.868039 -0.291085 0.032522 -0.484136 3.990397 91 _DSC8964.JPG

92 -0.414863 0.079335 -0.896982 -0.130456 -0.130057 0.808844 3.857536 92 _DSC8965.JPG

93 -0.590876 0.023775 -0.761649 -0.264937 0.181363 -0.428024 3.777089 93 _DSC8966.JPG

94 0.588367 -0.098950 0.787794 0.153016 0.130048 0.435255 3.713138 94 _DSC8967.JPG

95 -0.767562 0.022334 -0.597856 -0.230042 0.246991 -0.529318 3.566417 95 _DSC8968.JPG

96 -0.763976 0.136548 -0.619543 -0.117737 0.155975 0.495658 3.525705 96 _DSC8969.JPG

97 -0.899232 0.010105 -0.404784 -0.165622 0.436028 -0.589495 3.418113 97 _DSC8970.JPG

98 -0.891997 0.196727 -0.399788 -0.076221 0.208190 0.703453 3.385138 98 _DSC8971.JPG

99 -0.986103 0.020031 -0.146533 -0.075678 0.289649 -0.658026 3.657938 99 _DSC8972.JPG

100 -0.962858 0.235377 -0.127733 -0.034442 0.052872 0.874421 3.595403 100 _DSC8973.JPG

101 0.992595 -0.040841 -0.111583 -0.025220 0.094215 -0.722679 4.090044 101 _DSC8974.JPG

102 -0.955877 0.263577 0.129593 0.005585 -0.028812 1.017682 3.996629 102 _DSC8975.JPG

103 -0.939873 0.051077 0.322534 0.100007 0.035834 -0.842965 4.013240 103 _DSC8976.JPG

104 -0.903242 0.243126 0.352306 0.030395 -0.110513 0.712842 4.013133 104 _DSC8977.JPG

105 -0.847758 0.042495 0.502864 0.163182 0.020003 -0.812007 3.861160 105 _DSC8978.JPG

106 0.810524 -0.206035 -0.543061 -0.075392 -0.176881 0.501620 3.891875 106 _DSC8979.JPG

107 0.705711 0.003177 -0.660845 -0.255435 -0.172670 -0.837802 3.613710 107 _DSC8980.JPG

108 0.682263 -0.180401 -0.701374 -0.100236 -0.167338 0.814318 3.609684 108 _DSC8981.JPG

109 0.505328 0.025593 -0.792180 -0.341230 -0.200312 -0.884281 3.325697 109 _DSC8982.JPG

110 0.498061 -0.138591 -0.849315 -0.106732 -0.098534 0.900547 3.283906 110 _DSC8983.JPG

111 -0.265745 0.002189 0.893974 0.360811 -0.140754 -0.625415 3.546704 111 _DSC8984.JPG

112 0.252617 -0.090805 -0.955572 -0.121740 -0.116897 1.091665 3.450334 112 _DSC8985.JPG

113 -0.002475 -0.012889 -0.939433 -0.342482 -0.138426 -0.330370 3.758284 113 _DSC8986.JPG

114 0.030367 0.014083 0.995524 0.088386 -0.293689 1.372836 3.483137 114 _DSC8987.JPG

115 0.261992 -0.007733 0.908919 0.324295 -0.104692 -0.295731 3.943172 115 _DSC8988.JPG

116 0.310070 -0.067787 0.942086 0.108330 -0.531353 1.292718 3.732675 116 _DSC8989.JPG

117 0.480238 0.012617 0.814053 0.326389 0.079164 -0.556863 3.765255 117 _DSC8990.JPG

118 0.476391 -0.097155 0.864594 0.126845 0.020720 0.991886 3.637974 118 _DSC8991.JPG

119 -0.680999 -0.031942 -0.668846 -0.296421 0.137300 -0.740917 3.552851 119 _DSC8992.JPG

120 0.660621 -0.133229 0.728774 0.121317 0.217698 0.824365 3.500954 120 _DSC8993.JPG

121 0.845057 0.022004 0.487692 0.218062 0.260842 -0.582314 3.417700 121 _DSC8994.JPG

122 0.838385 -0.179455 0.507744 0.084277 0.120739 0.811655 3.335711 122 _DSC8995.JPG

123 0.964745 0.011010 0.243711 0.098742 0.311024 -0.558396 3.522386 123 _DSC8996.JPG

124 0.941745 -0.212181 0.258887 0.032767 0.297012 0.907409 3.431981 124 _DSC8997.JPG

125 0.999948 -0.003759 -0.008534 0.004194 0.183750 -0.763895 3.949432 125 _DSC8998.JPG

126 -0.965198 0.259561 0.031951 -0.000263 0.009127 1.151114 3.869802 126 _DSC8999.JPG

127 -0.965002 0.003697 0.250098 0.078788 0.048060 -0.826415 4.050940 127 _DSC9000.JPG

128 -0.921067 0.273922 0.276317 0.015809 -0.064567 1.200275 4.030765 128 _DSC9001.JPG

129 -0.883414 0.028341 0.443181 0.149556 0.012342 -0.783225 4.049972 129 _DSC9002.JPG

130 -0.852324 0.196753 0.480021 0.066425 -0.109113 0.518108 3.998295 130 _DSC9003.JPG

131 0.685428 0.098418 -0.630930 -0.349899 -0.254138 -0.975288 2.463285 131 _DSC9004.JPG

132 0.518872 0.060021 -0.756413 -0.393710 -0.136267 -0.796676 2.506931 132 _DSC9005.JPG

133 -0.261132 -0.005189 0.865221 0.427991 -0.211146 -0.669326 2.647681 133 _DSC9006.JPG

134 -0.032258 -0.013055 -0.897450 -0.439741 -0.226412 -0.594905 2.793037 134 _DSC9007.JPG

135 0.270732 0.015604 0.874942 0.401168 -0.096556 -0.475364 2.846001 135 _DSC9008.JPG

136 0.504171 0.041021 0.775319 0.378165 -0.043554 -0.608001 2.834929 136 _DSC9009.JPG

137 -0.704690 -0.061517 -0.623760 -0.332492 0.102493 -0.711881 2.784685 137 _DSC9010.JPG

138 0.858704 0.073547 0.456055 0.221880 0.287922 -0.695525 2.853276 138 _DSC9011.JPG

139 -0.970128 -0.077328 -0.197665 -0.117469 0.205267 -0.833579 2.934036 139 _DSC9012.JPG

140 0.995255 0.084517 -0.047421 0.008721 0.251481 -0.932929 2.975006 140 _DSC9013.JPG

141 0.951603 0.057572 -0.282552 -0.106308 0.099269 -0.918259 3.063064 141 _DSC9014.JPG

