1 PINHOLE 1236 822 1162.396166 1157.166000 618.000000 411.000000
2 PINHOLE 1236 822 1161.059561 1157.427386 618.000000 411.000000
3 PINHOLE 1236 822 1162.745763 1158.326192 618.000000 411.000000
4 PINHOLE 1236 822 1162.650866 1158.359383 618.000000 411.000000
5 PINHOLE 1236 822 1162.994644 1158.374062 618.000000 411.000000
6 PINHOLE 1236 822 1162.566681 1159.969815 618.000000 411.000000
7 PINHOLE 1236 822 1163.465454 1158.805054 618.000000 411.000000
8 PINHOLE 1236 822 1162.853133 1159.213515 618.000000 411.000000
9 PINHOLE 1236 822 1161.366467 1157.474096 618.000000 411.000000
10 PINHOLE 1236 822 1162.595940 1157.921351 618.000000 411.000000
11 PINHOLE 1236 822 1162.866096 1159.065233 618.000000 411.000000
12 PINHOLE 1236 822 1162.273570 1159.336926 618.000000 411.000000
13 PINHOLE 1236 822 1163.756438 1156.956421 618.000000 411.000000
14 PINHOLE 1236 822 1162.168957 1158.849890 618.000000 411.000000
15 PINHOLE 1236 822 1162.081401 1157.675854 618.000000 411.000000
16 PINHOLE 1236 822 1161.494423 1157.738889 618.000000 411.000000
17 PINHOLE 1236 822 1163.544551 1157.744251 618.000000 411.000000
18 PINHOLE 1236 822 1162.880062 1158.549142 618.000000 411.000000
19 PINHOLE 1236 822 1161.596771 1155.503247 618.000000 411.000000
20 PINHOLE 1236 822 1163.012628 1158.550238 618.000000 411.000000
21 PINHOLE 1236 822 1162.352039 1156.232431 618.000000 411.000000
22 PINHOLE 1236 822 1162.344100 1157.115376 618.000000 411.000000
23 PINHOLE 1236 822 1161.802259 1156.057864 618.000000 411.000000
24 PINHOLE 1236 822 1162.653625 1158.140988 618.000000 411.000000
25 PINHOLE 1236 822 1160.863952 1154.676075 618.000000 411.000000
26 PINHOLE 1236 822 1162.800283 1159.075322 618.000000 411.000000
27 PINHOLE 1236 822 1160.710253 1154.127206 618.000000 411.000000
28 PINHOLE 1236 822 1161.600611 1157.630004 618.000000 411.000000
29 PINHOLE 1236 822 1162.248501 1156.407701 618.000000 411.000000
30 PINHOLE 1236 822 1162.045646 1158.227286 618.000000 411.000000
31 PINHOLE 1236 822 1160.410120 1155.447190 618.000000 411.000000
32 PINHOLE 1236 822 1160.555253 1156.231121 618.000000 411.000000
33 PINHOLE 1236 822 1161.453939 1157.260481 618.000000 411.000000
34 PINHOLE 1236 822 1160.322353 1156.077731 618.000000 411.000000
35 PINHOLE 1236 822 1161.838169 1157.863991 618.000000 411.000000
36 PINHOLE 1236 822 1161.460032 1156.929969 618.000000 411.000000
37 PINHOLE 1236 822 1162.366413 1158.051088 618.000000 411.000000
38 PINHOLE 1236 822 1162.205804 1158.046051 618.000000 411.000000
39 PINHOLE 1236 822 1162.410541 1159.357003 618.000000 411.000000
40 PINHOLE 1236 822 1163.521030 1157.031630 618.000000 411.000000
41 PINHOLE 1236 822 1161.851949 1158.345800 618.000000 411.000000
42 PINHOLE 1236 822 1161.545345 1158.651495 618.000000 411.000000
43 PINHOLE 1236 822 1161.215168 1156.373626 618.000000 411.000000
44 PINHOLE 1236 822 1161.515877 1157.762419 618.000000 411.000000
45 PINHOLE 1236 822 1160.993908 1156.784063 618.000000 411.000000
46 PINHOLE 1236 822 1161.939311 1158.278435 618.000000 411.000000
47 PINHOLE 1236 822 1162.006886 1157.449154 618.000000 411.000000
48 PINHOLE 1236 822 1161.879593 1158.439575 618.000000 411.000000
49 PINHOLE 1236 822 1162.276745 1157.547396 618.000000 411.000000
50 PINHOLE 1236 822 1160.152685 1155.685194 618.000000 411.000000
51 PINHOLE 1236 822 1161.583413 1156.625626 618.000000 411.000000
52 PINHOLE 1236 822 1160.378446 1155.710832 618.000000 411.000000
53 PINHOLE 1236 822 1162.816673 1158.042438 618.000000 411.000000
54 PINHOLE 1236 822 1160.009213 1155.451552 618.000000 411.000000
55 PINHOLE 1236 822 1162.152832 1157.341194 618.000000 411.000000
56 PINHOLE 1236 822 1159.998050 1155.431704 618.000000 411.000000
57 PINHOLE 1236 822 1161.246126 1156.198256 618.000000 411.000000
58 PINHOLE 1236 822 1160.296267 1155.793426 618.000000 411.000000
59 PINHOLE 1236 822 1161.841510 1158.228162 618.000000 411.000000
60 PINHOLE 1236 822 1159.723185 1155.244486 618.000000 411.000000
61 PINHOLE 1236 822 1160.734770 1155.650502 618.000000 411.000000
62 PINHOLE 1236 822 1162.394661 1158.204067 618.000000 411.000000
63 PINHOLE 1236 822 1161.445508 1156.229920 618.000000 411.000000
64 PINHOLE 1236 822 1159.518019 1155.624976 618.000000 411.000000
65 PINHOLE 1236 822 1161.416712 1156.940462 618.000000 411.000000
66 PINHOLE 1236 822 1159.975224 1156.617651 618.000000 411.000000
67 PINHOLE 1236 822 1161.602615 1156.925050 618.000000 411.000000
68 PINHOLE 1236 822 1159.716357 1154.994655 618.000000 411.000000
69 PINHOLE 1236 822 1161.853202 1157.394133 618.000000 411.000000
70 PINHOLE 1236 822 1159.911415 1154.485045 618.000000 411.000000
71 PINHOLE 1236 822 1163.746223 1158.151501 618.000000 411.000000
72 PINHOLE 1236 822 1162.689743 1158.053168 618.000000 411.000000
73 PINHOLE 1236 822 1160.979893 1155.668175 618.000000 411.000000
74 PINHOLE 1236 822 1162.133616 1156.777288 618.000000 411.000000
75 PINHOLE 1236 822 1162.688991 1159.032225 618.000000 411.000000
76 PINHOLE 1236 822 1159.698619 1154.320961 618.000000 411.000000
77 PINHOLE 1236 822 1163.683346 1158.568866 618.000000 411.000000
78 PINHOLE 1236 822 1159.406301 1154.615950 618.000000 411.000000
79 PINHOLE 1236 822 1166.265313 1162.605315 618.000000 411.000000
80 PINHOLE 1236 822 1162.715161 1157.780258 618.000000 411.000000
81 PINHOLE 1236 822 1161.379821 1157.175623 618.000000 411.000000
82 PINHOLE 1236 822 1160.066115 1155.263783 618.000000 411.000000
83 PINHOLE 1236 822 1159.609021 1153.690271 618.000000 411.000000
84 PINHOLE 1236 822 1159.908999 1155.312847 618.000000 411.000000
85 PINHOLE 1236 822 1165.084972 1161.397218 618.000000 411.000000
86 PINHOLE 1236 822 1162.211820 1157.839691 618.000000 411.000000
87 PINHOLE 1236 822 1161.202234 1156.592414 618.000000 411.000000
88 PINHOLE 1236 822 1159.855274 1155.968796 618.000000 411.000000
89 PINHOLE 1236 822 1162.548792 1159.554186 618.000000 411.000000
90 PINHOLE 1236 822 1160.600440 1156.623769 618.000000 411.000000
91 PINHOLE 1236 822 1161.209243 1156.427907 618.000000 411.000000
92 PINHOLE 1236 822 1160.479056 1156.885811 618.000000 411.000000
93 PINHOLE 1236 822 1160.634291 1156.301769 618.000000 411.000000
94 PINHOLE 1236 822 1161.218172 1157.879644 618.000000 411.000000
95 PINHOLE 1236 822 1160.879632 1155.265637 618.000000 411.000000
96 PINHOLE 1236 822 1161.489916 1157.178903 618.000000 411.000000
97 PINHOLE 1236 822 1160.783137 1156.162337 618.000000 411.000000
98 PINHOLE 1236 822 1160.685071 1156.661899 618.000000 411.000000
99 PINHOLE 1236 822 1161.666736 1157.721816 618.000000 411.000000
100 PINHOLE 1236 822 1159.419703 1154.208511 618.000000 411.000000
101 PINHOLE 1236 822 1164.022324 1160.213761 618.000000 411.000000
102 PINHOLE 1236 822 1161.533574 1157.748519 618.000000 411.000000
103 PINHOLE 1236 822 1163.688788 1159.409228 618.000000 411.000000
104 PINHOLE 1236 822 1161.852033 1158.703664 618.000000 411.000000
105 PINHOLE 1236 822 1162.916275 1157.588425 618.000000 411.000000
106 PINHOLE 1236 822 1161.642773 1156.537683 618.000000 411.000000
107 PINHOLE 1236 822 1163.632195 1159.138602 618.000000 411.000000
108 PINHOLE 1236 822 1163.147392 1158.822155 618.000000 411.000000
109 PINHOLE 1236 822 1162.196278 1157.312320 618.000000 411.000000
110 PINHOLE 1236 822 1162.305575 1158.684155 618.000000 411.000000
111 PINHOLE 1236 822 1163.566147 1159.720472 618.000000 411.000000
112 PINHOLE 1236 822 1161.501769 1156.903190 618.000000 411.000000
113 PINHOLE 1236 822 1162.823446 1158.170994 618.000000 411.000000
114 PINHOLE 1236 822 1162.231121 1157.179341 618.000000 411.000000
115 PINHOLE 1236 822 1163.941166 1160.423291 618.000000 411.000000
116 PINHOLE 1236 822 1160.511401 1155.448281 618.000000 411.000000
117 PINHOLE 1236 822 1163.369879 1159.062382 618.000000 411.000000
118 PINHOLE 1236 822 1161.008589 1155.125663 618.000000 411.000000
119 PINHOLE 1236 822 1162.731549 1158.153800 618.000000 411.000000
120 PINHOLE 1236 822 1161.943488 1157.091213 618.000000 411.000000
121 PINHOLE 1236 822 1164.406456 1160.924479 618.000000 411.000000
122 PINHOLE 1236 822 1162.668340 1157.716344 618.000000 411.000000
123 PINHOLE 1236 822 1164.163303 1160.529784 618.000000 411.000000
124 PINHOLE 1236 822 1161.487244 1156.861438 618.000000 411.000000
125 PINHOLE 1236 822 1164.338831 1160.993328 618.000000 411.000000
126 PINHOLE 1236 822 1162.203046 1157.954851 618.000000 411.000000
127 PINHOLE 1236 822 1161.207908 1155.865227 618.000000 411.000000
128 PINHOLE 1236 822 1159.269964 1154.778147 618.000000 411.000000
129 PINHOLE 1236 822 1163.603816 1157.766797 618.000000 411.000000
130 PINHOLE 1236 822 1162.531572 1158.153362 618.000000 411.000000
131 PINHOLE 1236 822 1163.258669 1158.477264 618.000000 411.000000
132 PINHOLE 1236 822 1161.331331 1157.919272 618.000000 411.000000
133 PINHOLE 1236 822 1164.736037 1161.599091 618.000000 411.000000
134 PINHOLE 1236 822 1162.119998 1157.592802 618.000000 411.000000
135 PINHOLE 1236 822 1163.778794 1159.553308 618.000000 411.000000
136 PINHOLE 1236 822 1160.081778 1155.303797 618.000000 411.000000
137 PINHOLE 1236 822 1165.019634 1161.507063 618.000000 411.000000
138 PINHOLE 1236 822 1162.651618 1158.533911 618.000000 411.000000
139 PINHOLE 1236 822 1162.411043 1158.380088 618.000000 411.000000
140 PINHOLE 1236 822 1163.530656 1159.302039 618.000000 411.000000
141 PINHOLE 1236 822 1162.189009 1157.668850 618.000000 411.000000
142 PINHOLE 1236 822 1162.173719 1159.766249 618.000000 411.000000
143 PINHOLE 1236 822 1165.915322 1163.493064 618.000000 411.000000
144 PINHOLE 1236 822 1161.995359 1158.294426 618.000000 411.000000
145 PINHOLE 1236 822 1163.327535 1159.828717 618.000000 411.000000
146 PINHOLE 1236 822 1161.986421 1158.974548 618.000000 411.000000
147 PINHOLE 1236 822 1163.431139 1159.672941 618.000000 411.000000
148 PINHOLE 1236 822 1163.588664 1160.947575 618.000000 411.000000
149 PINHOLE 1236 822 1164.411736 1160.970341 618.000000 411.000000
150 PINHOLE 1236 822 1161.509115 1158.226957 618.000000 411.000000
151 PINHOLE 1236 822 1162.571111 1158.486468 618.000000 411.000000
152 PINHOLE 1236 822 1162.446313 1158.266058 618.000000 411.000000
153 PINHOLE 1236 822 1162.833314 1159.042643 618.000000 411.000000
154 PINHOLE 1236 822 1161.672413 1158.166613 618.000000 411.000000
155 PINHOLE 1236 822 1163.613610 1159.361940 618.000000 411.000000
156 PINHOLE 1236 822 1162.045396 1158.320606 618.000000 411.000000
157 PINHOLE 1236 822 1163.501193 1160.223428 618.000000 411.000000
158 PINHOLE 1236 822 1162.308583 1158.715282 618.000000 411.000000
159 PINHOLE 1236 822 1161.871075 1157.965798 618.000000 411.000000
160 PINHOLE 1236 822 1161.841260 1158.230790 618.000000 411.000000
161 PINHOLE 1236 822 1160.533577 1156.406063 618.000000 411.000000
162 PINHOLE 1236 822 1162.016492 1158.552539 618.000000 411.000000
163 PINHOLE 1236 822 1162.949311 1159.762077 618.000000 411.000000
164 PINHOLE 1236 822 1163.072604 1159.212089 618.000000 411.000000
165 PINHOLE 1236 822 1163.030528 1159.551662 618.000000 411.000000
166 PINHOLE 1236 822 1162.391987 1158.603166 618.000000 411.000000
167 PINHOLE 1236 822 1162.517445 1158.815687 618.000000 411.000000
168 PINHOLE 1236 822 1162.584738 1159.037270 618.000000 411.000000
169 PINHOLE 1236 822 1163.942004 1160.428565 618.000000 411.000000
170 PINHOLE 1236 822 1163.791940 1161.201788 618.000000 411.000000
171 PINHOLE 1236 822 1164.132223 1161.498037 618.000000 411.000000
172 PINHOLE 1236 822 1163.661747 1160.527916 618.000000 411.000000
173 PINHOLE 1236 822 1162.448486 1158.714186 618.000000 411.000000
174 PINHOLE 1236 822 1161.598023 1158.059628 618.000000 411.000000
175 PINHOLE 1236 822 1163.138608 1159.703347 618.000000 411.000000
176 PINHOLE 1236 822 1161.928704 1159.073129 618.000000 411.000000
177 PINHOLE 1236 822 1162.629296 1159.558356 618.000000 411.000000
178 PINHOLE 1236 822 1162.992971 1158.605906 618.000000 411.000000
179 PINHOLE 1236 822 1163.377745 1160.386478 618.000000 411.000000
180 PINHOLE 1236 822 1160.428124 1158.828623 618.000000 411.000000
181 PINHOLE 1236 822 1163.342598 1160.908973 618.000000 411.000000
182 PINHOLE 1236 822 1162.168790 1158.856358 618.000000 411.000000
183 PINHOLE 1236 822 1160.257931 1156.620273 618.000000 411.000000
184 PINHOLE 1236 822 1160.841767 1156.968773 618.000000 411.000000
185 PINHOLE 1236 822 1162.557151 1159.460909 618.000000 411.000000
186 PINHOLE 1236 822 1164.237363 1162.712055 618.000000 411.000000
187 PINHOLE 1236 822 1165.097051 1163.427042 618.000000 411.000000
188 PINHOLE 1236 822 1163.409714 1160.667076 618.000000 411.000000
189 PINHOLE 1236 822 1161.368720 1157.753335 618.000000 411.000000
190 PINHOLE 1236 822 1162.125929 1158.384031 618.000000 411.000000
191 PINHOLE 1236 822 1160.280349 1156.233305 618.000000 411.000000
192 PINHOLE 1236 822 1162.951067 1160.695769 618.000000 411.000000
193 PINHOLE 1236 822 1164.654299 1163.242152 618.000000 411.000000
194 PINHOLE 1236 822 1163.609425 1161.617587 618.000000 411.000000