1 0.901535 -0.071486 -0.423187 -0.055114 0.002106 -1.102600 3.839440 1 _DSC8679.JPG

2 0.870127 -0.217930 -0.441616 0.019004 -0.130215 -0.038954 4.122386 2 _DSC8680.JPG

3 -0.839416 0.122644 0.525097 0.067909 0.044171 -0.833208 3.913036 3 _DSC8681.JPG

4 0.814819 -0.266585 -0.512876 0.044285 0.220545 0.488783 4.088511 4 _DSC8682.JPG

5 -0.760331 0.091744 0.637987 0.080327 0.182752 -1.005406 3.731059 5 _DSC8683.JPG

6 -0.728576 0.251174 0.634210 -0.062181 0.248802 0.562166 3.913197 6 _DSC8684.JPG

7 0.666543 -0.094223 -0.736976 -0.060897 0.457383 -0.758309 3.674168 7 _DSC8685.JPG

8 -0.629240 0.211893 0.742017 -0.092567 0.397886 0.586790 3.847361 8 _DSC8686.JPG

9 -0.565231 0.072441 0.817204 0.086276 0.647949 -0.807545 3.684317 9 _DSC8687.JPG

10 0.547332 -0.188120 -0.811781 0.077787 0.756161 0.502746 3.842491 10 _DSC8688.JPG

11 0.465897 -0.057531 -0.877690 -0.096385 0.773226 -0.874792 3.734464 11 _DSC8689.JPG

12 0.430194 -0.167464 -0.875751 0.141243 0.731488 0.972599 3.823771 12 _DSC8690.JPG

13 -0.315097 0.030149 0.941677 0.114236 0.594732 -0.872199 3.913117 13 _DSC8691.JPG

14 0.326355 -0.110980 -0.935129 0.081914 0.795431 0.634086 4.060371 14 _DSC8692.JPG

15 0.207005 -0.026417 -0.967284 -0.144267 0.530494 -1.095804 3.966364 15 _DSC8693.JPG

16 0.208223 -0.072300 -0.971554 0.086597 0.653374 0.643835 4.214805 16 _DSC8694.JPG

17 -0.037084 0.030596 0.990598 0.128077 0.283332 -0.935393 4.309349 17 _DSC8695.JPG

18 -0.012350 0.002006 -0.990969 0.133506 -0.125412 1.158560 4.384540 18 _DSC8696.JPG

19 -0.158887 -0.010732 -0.975870 -0.149388 -0.063991 -1.034114 4.301833 19 _DSC8697.JPG

20 -0.153725 0.053641 -0.977266 0.135801 -0.053177 1.361479 4.399017 20 _DSC8698.JPG

21 0.304512 -0.000102 0.942964 0.134505 -0.039226 -0.928971 4.179285 21 _DSC8699.JPG

22 -0.277120 0.088100 -0.949441 0.118342 0.097829 1.140106 4.269141 22 _DSC8700.JPG

23 -0.411347 0.009451 -0.902020 -0.130628 0.169897 -0.997932 4.005143 23 _DSC8701.JPG

24 0.409023 -0.132100 0.899290 -0.080792 0.050280 0.764528 4.139030 24 _DSC8702.JPG

25 0.529925 -0.015230 0.834270 0.151464 0.069701 -1.140765 3.766513 25 _DSC8703.JPG

26 -0.505663 0.197955 -0.830641 0.123101 -0.018819 1.246099 3.829652 26 _DSC8704.JPG

27 -0.644901 0.034499 -0.751777 -0.133208 0.099226 -0.930620 3.679385 27 _DSC8705.JPG

28 -0.632865 0.155310 -0.757950 -0.029535 0.070000 -0.207336 3.965960 28 _DSC8706.JPG

29 -0.735665 0.037877 -0.663840 -0.129145 0.234312 -1.059816 3.761914 29 _DSC8707.JPG

30 -0.716372 0.197294 -0.669131 0.012262 0.186120 0.255256 4.026578 30 _DSC8708.JPG

31 0.830740 -0.054249 0.546951 0.088160 0.167885 -0.891082 3.843930 31 _DSC8709.JPG

32 -0.807427 0.206855 -0.552372 -0.012593 0.178369 0.027082 4.199470 32 _DSC8710.JPG

33 -0.901650 0.029289 -0.423001 -0.085079 0.121939 -1.247645 3.920745 33 _DSC8711.JPG

34 -0.881692 0.234099 -0.409506 -0.011077 -0.042622 0.076238 4.347390 34 _DSC8712.JPG

35 -0.944911 0.025185 -0.318878 -0.069462 -0.079963 -1.224701 3.865778 35 _DSC8713.JPG

36 0.918855 -0.264642 0.292628 0.006293 -0.316306 0.284171 4.309315 36 _DSC8714.JPG

37 0.982349 -0.040009 0.177716 0.042509 -0.421030 -1.136876 4.016157 37 _DSC8715.JPG

38 -0.942400 0.288475 -0.168076 -0.020351 -0.461457 0.420431 4.359495 38 _DSC8716.JPG

39 -0.997291 0.069379 -0.022260 -0.010103 -0.621043 -0.837695 4.024753 39 _DSC8717.JPG

40 -0.963923 0.261107 -0.041889 -0.030353 -0.421137 0.192977 4.420538 40 _DSC8718.JPG

41 0.993900 -0.057533 -0.093417 -0.011185 -0.695889 -0.923934 3.866460 41 _DSC8719.JPG

42 -0.946466 0.311357 0.083671 -0.016057 -0.590047 0.699231 4.209520 42 _DSC8720.JPG

43 0.972397 -0.050441 -0.224170 -0.040579 -0.708119 -0.951157 3.589367 43 _DSC8721.JPG

44 0.933248 -0.272025 -0.232564 0.031062 -0.667396 0.251397 4.011839 44 _DSC8722.JPG

45 -0.937949 0.119077 0.324388 0.029053 -0.522895 -0.860503 3.655949 45 _DSC8723.JPG

46 0.904954 -0.262533 -0.334055 0.023275 -0.593581 0.031995 3.888698 46 _DSC8724.JPG

47 0.911931 -0.091403 -0.397221 -0.047352 -0.102736 -0.652111 3.291321 47 _DSC8725.JPG

48 -0.864449 0.273823 0.419578 -0.041266 -0.229081 0.194337 3.703679 48 _DSC8726.JPG

49 0.857005 -0.030590 -0.505012 -0.097817 -0.026668 -0.938415 3.243001 49 _DSC8727.JPG

50 -0.819343 0.225385 0.527141 0.001199 -0.163987 0.272970 3.501965 50 _DSC8728.JPG

51 0.800897 -0.007355 -0.583018 -0.136381 0.068825 -1.154431 3.126461 51 _DSC8729.JPG

52 -0.788222 0.205010 0.579999 -0.016676 0.251599 0.256880 3.493722 52 _DSC8730.JPG

53 0.758898 -0.007714 -0.635296 -0.142877 0.298884 -1.065650 3.148785 53 _DSC8731.JPG

54 -0.734773 0.200661 0.647944 0.003619 0.319542 0.165576 3.572231 54 _DSC8732.JPG

55 0.658851 -0.015527 -0.735622 -0.156636 0.337614 -0.883821 3.117738 55 _DSC8733.JPG

56 -0.655750 0.139335 0.742005 -0.002410 0.467175 0.064733 3.540156 56 _DSC8734.JPG

57 0.590783 0.018902 -0.784317 -0.188325 0.528993 -1.047480 3.144170 57 _DSC8735.JPG

58 -0.575259 0.123541 0.808587 -0.001235 0.515777 0.092366 3.601599 58 _DSC8736.JPG

59 0.524425 0.018183 -0.826914 -0.202142 0.693777 -0.907311 3.217434 59 _DSC8737.JPG

60 -0.533395 0.095405 0.840220 0.020443 0.886725 -0.004734 3.594448 60 _DSC8738.JPG

61 0.436609 0.014489 -0.875099 -0.208241 0.716857 -1.116526 3.346797 61 _DSC8739.JPG

62 -0.405909 0.097247 0.908719 -0.003202 0.682010 0.174528 3.790461 62 _DSC8741.JPG

63 -0.283892 0.003267 0.937401 0.201680 0.432754 -0.990977 3.742177 63 _DSC8742.JPG

64 0.317767 -0.074370 -0.944918 -0.024944 0.813878 0.085485 4.102736 64 _DSC8743.JPG

65 -0.140214 0.006700 0.963590 0.227571 0.290915 -1.153501 3.853648 65 _DSC8744.JPG

66 0.158941 -0.033067 -0.986707 -0.007351 0.473616 0.261619 4.316431 66 _DSC8745.JPG

67 0.012548 -0.005642 -0.974454 -0.224167 0.130239 -1.007358 3.954983 67 _DSC8746.JPG

68 0.025780 -0.015021 -0.999257 -0.024384 0.301563 0.143826 4.356444 68 _DSC8747.JPG

69 0.091669 0.014278 0.962114 0.256378 0.278457 -1.171896 4.034794 69 _DSC8748.JPG

70 -0.112603 -0.016833 -0.991201 -0.067506 0.117469 -0.148904 4.479353 70 _DSC8749.JPG

71 0.261373 0.026773 0.932954 0.246098 -0.160275 -1.265646 3.861134 71 _DSC8750.JPG

72 -0.229442 0.022778 -0.970816 -0.065985 0.125609 -0.143753 4.344291 72 _DSC8751.JPG

73 0.337207 0.021017 0.908092 0.247424 0.084875 -1.292121 3.817779 73 _DSC8752.JPG

74 0.302038 -0.048278 0.950698 0.051148 0.352628 0.004930 4.258899 74 _DSC8753.JPG

75 -0.447313 -0.038090 -0.859234 -0.245311 0.109952 -1.302284 3.573076 75 _DSC8754.JPG

76 0.439581 -0.082080 0.893929 0.030381 0.120237 0.106240 4.068523 76 _DSC8755.JPG

77 0.562479 0.052729 0.793671 0.225661 0.055299 -1.333953 3.313317 77 _DSC8756.JPG

78 0.531228 -0.084874 0.841220 0.054245 0.292022 -0.195733 3.829932 78 _DSC8757.JPG

79 0.653861 0.025881 0.726732 0.208941 0.134381 -1.221223 3.388328 79 _DSC8758.JPG

80 0.653029 -0.103449 0.748923 0.044337 0.055424 -0.202542 3.927334 80 _DSC8759.JPG

81 -0.762493 -0.024076 -0.621899 -0.176825 0.072626 -1.226694 3.533742 81 _DSC8760.JPG

82 0.739646 -0.144935 0.656252 0.035368 0.196371 0.010385 4.037948 82 _DSC8761.JPG

83 -0.811574 -0.034591 -0.551463 -0.189842 0.216189 -1.180275 3.620992 83 _DSC8762.JPG

84 -0.787449 0.139823 -0.598855 -0.041781 0.381921 -0.039388 4.201495 84 _DSC8763.JPG

85 -0.894726 -0.016128 -0.424860 -0.136744 -0.048563 -1.367055 3.965274 85 _DSC8764.JPG

86 -0.869355 0.174057 -0.461409 -0.032046 0.117671 -0.001493 4.422317 86 _DSC8765.JPG

87 0.937813 0.030636 0.326625 0.113512 -0.169805 -1.509504 3.974110 87 _DSC8766.JPG

88 0.911302 -0.180942 0.369100 0.023549 0.076991 -0.000550 4.453015 88 _DSC8767.JPG

89 0.981216 -0.007716 0.186141 0.050071 -0.497373 -1.302389 3.978687 89 _DSC8768.JPG

90 0.954051 -0.198002 0.224741 0.008566 -0.173721 0.007330 4.424991 90 _DSC8769.JPG

91 0.999900 -0.003119 0.013306 0.003520 -0.737990 -1.259471 3.909984 91 _DSC8770.JPG

92 0.979509 -0.199849 -0.020036 0.014869 -1.005875 -0.082905 4.311857 92 _DSC8771.JPG

93 -0.993950 0.002868 0.108642 0.015850 -0.620753 -1.194671 3.659007 93 _DSC8772.JPG

94 -0.964723 0.233893 0.120844 -0.001071 -0.728980 0.197711 4.094983 94 _DSC8773.JPG

95 0.976308 0.023655 -0.205103 -0.064776 -0.534235 -0.969075 3.292300 95 _DSC8774.JPG

96 0.953614 -0.216749 -0.208856 0.004523 -0.512551 0.074273 3.855795 96 _DSC8775.JPG

97 -0.948054 -0.014485 0.305986 0.085769 -0.242170 -0.827340 3.107164 97 _DSC8776.JPG

98 0.933815 -0.209449 -0.290027 -0.002122 -0.052133 -0.063904 3.624258 98 _DSC8777.JPG

99 -0.899871 -0.005656 0.417678 0.125481 -0.058286 -0.813646 2.842960 99 _DSC8778.JPG

100 -0.878745 0.219554 0.423741 -0.006838 0.039314 0.024369 3.402879 100 _DSC8779.JPG

101 -0.841488 -0.070174 0.510226 0.163227 0.057349 -0.932897 2.837798 101 _DSC8780.JPG

102 -0.838258 0.072751 0.535979 0.068972 0.015100 -0.229027 2.902348 102 _DSC8781.JPG

103 -0.753103 -0.071541 0.623385 0.197759 0.315814 -0.806366 2.897484 103 _DSC8782.JPG

104 -0.758741 0.049495 0.642470 0.095367 0.326668 -0.392784 2.937126 104 _DSC8783.JPG

105 0.669528 0.052988 -0.708361 -0.217140 0.584829 -0.782592 3.115578 105 _DSC8784.JPG

106 0.670725 -0.049045 -0.731636 -0.111498 0.574078 -0.429063 3.078422 106 _DSC8785.JPG

107 -0.577487 -0.060761 0.771943 0.258691 0.634502 -0.960232 3.104343 107 _DSC8786.JPG

108 0.588404 -0.077516 -0.801675 -0.071343 0.707133 0.003865 3.171863 108 _DSC8787.JPG

109 0.470718 0.048694 -0.832399 -0.288385 0.660383 -1.038838 3.294768 109 _DSC8788.JPG

110 0.486778 -0.076022 -0.864629 -0.098408 0.756226 -0.117842 3.342506 110 _DSC8789.JPG

111 0.342939 0.034194 -0.886857 -0.307746 0.634173 -1.001285 3.347717 111 _DSC8790.JPG

112 0.374130 -0.032237 -0.918819 -0.121489 0.838405 -0.284857 3.307152 112 _DSC8791.JPG

113 0.183688 0.017894 -0.927731 -0.324428 0.376987 -1.054188 3.476878 113 _DSC8792.JPG

114 0.188310 -0.022219 -0.973372 -0.128816 0.390092 -0.322917 3.551587 114 _DSC8793.JPG

115 0.066058 0.004310 -0.941023 -0.331804 0.362505 -1.110810 3.568882 115 _DSC8794.JPG

116 0.014358 -0.009766 -0.989243 -0.145246 0.269661 -0.307059 3.667953 116 _DSC8795.JPG

117 -0.202998 -0.035765 -0.917983 -0.338851 0.035905 -1.203337 3.619901 117 _DSC8796.JPG

118 -0.204609 -0.004149 -0.967752 -0.146884 0.032371 -0.262721 3.780559 118 _DSC8797.JPG

119 -0.373373 -0.075366 -0.868991 -0.315860 0.035392 -1.191857 3.557775 119 _DSC8798.JPG

120 0.371665 -0.003155 0.916331 0.148971 0.079717 -0.370286 3.694081 120 _DSC8799.JPG

121 0.557963 0.081273 0.772536 0.291992 0.134044 -1.078594 3.264994 121 _DSC8800.JPG

122 -0.565293 0.065159 -0.813359 -0.121018 0.062618 -0.187900 3.379601 122 _DSC8801.JPG

123 0.711611 0.091211 0.645150 0.262814 0.133287 -1.179807 3.297447 123 _DSC8802.JPG

124 0.704835 -0.079411 0.696355 0.109509 0.229403 -0.170618 3.429469 124 _DSC8803.JPG

125 -0.854382 -0.086690 -0.474025 -0.194465 0.046972 -1.272101 3.881206 125 _DSC8804.JPG

126 0.849256 -0.106251 0.510282 0.084185 0.116118 -0.057098 3.985478 126 _DSC8805.JPG

127 0.943484 0.060758 0.302433 0.121165 -0.241447 -1.093306 4.177615 127 _DSC8806.JPG

128 0.941436 -0.123576 0.306783 0.065662 -0.339788 -0.137784 4.259486 128 _DSC8807.JPG

129 -0.989640 -0.058198 -0.124788 -0.040670 -0.491028 -0.942343 4.018364 129 _DSC8808.JPG

130 -0.986124 0.105360 -0.127729 -0.012025 -0.550411 -0.333676 4.093882 130 _DSC8809.JPG

131 -0.993878 -0.092635 0.055304 0.023793 -0.599351 -1.052247 3.540820 131 _DSC8810.JPG

132 -0.993058 0.113432 0.030137 -0.007768 -0.411583 0.061570 3.663099 132 _DSC8811.JPG

133 0.973895 0.090350 -0.188752 -0.087966 -0.447562 -0.926739 3.312310 133 _DSC8812.JPG

134 -0.977435 0.131074 0.164841 0.016387 -0.224131 0.101127 3.409712 134 _DSC8813.JPG

135 -0.945705 -0.094733 0.288820 0.115116 -0.256225 -0.911382 3.197589 135 _DSC8814.JPG

136 0.943264 -0.132181 -0.301708 -0.041883 -0.247421 0.159019 3.215422 136 _DSC8815.JPG

137 -0.866722 -0.103936 0.455623 0.174350 -0.169188 -0.961165 2.910753 137 _DSC8816.JPG

138 -0.879355 0.099070 0.460979 0.066470 -0.040689 -0.114375 3.007185 138 _DSC8817.JPG

139 0.814840 0.131119 -0.518687 -0.223176 0.069176 -0.824663 2.971272 139 _DSC8818.JPG

140 -0.815749 0.082054 0.566050 0.086068 -0.018320 0.432279 3.008405 140 _DSC8819.JPG

141 0.754982 0.125397 -0.595681 -0.243805 0.267253 -0.764638 3.044598 141 _DSC8820.JPG

142 -0.758359 0.063981 0.641361 0.097233 0.237628 0.389178 3.124532 142 _DSC8821.JPG

143 -0.683549 -0.095558 0.678805 0.250705 0.391246 -0.568553 3.189265 143 _DSC8822.JPG

144 0.687194 -0.039259 -0.716677 -0.112239 0.348349 0.379545 3.160672 144 _DSC8823.JPG

145 -0.622107 -0.106521 0.720156 0.288117 0.678233 -0.761958 3.153154 145 _DSC8824.JPG

146 0.630008 -0.047318 -0.766348 -0.116451 0.668018 0.417936 3.156834 146 _DSC8825.JPG

147 0.532990 0.083757 -0.786039 -0.301743 0.717759 -0.773944 3.293245 147 _DSC8826.JPG

148 -0.487833 0.012088 0.856582 0.167754 0.736372 0.003518 3.439148 148 _DSC8827.JPG

149 0.394761 0.042514 -0.863294 -0.311577 0.836986 -0.677086 3.658843 149 _DSC8828.JPG

150 0.411232 -0.032423 -0.902041 -0.127121 0.907400 0.452905 3.518215 150 _DSC8829.JPG

151 0.246446 0.040011 -0.907293 -0.338353 0.580187 -0.772807 3.780665 151 _DSC8830.JPG

152 0.288452 -0.017675 -0.947677 -0.135612 0.849978 0.481849 3.721399 152 _DSC8831.JPG

153 -0.128634 -0.022213 0.929244 0.345637 0.745940 -0.874474 3.982318 153 _DSC8832.JPG

154 -0.138121 0.022159 0.981294 0.132266 0.813248 0.554153 4.029528 154 _DSC8833.JPG

155 0.020152 -0.006766 -0.938226 -0.345369 0.585762 -0.942943 4.125131 155 _DSC8834.JPG

156 0.000651 -0.014645 -0.991081 -0.132454 0.462913 0.577320 4.195744 156 _DSC8835.JPG

157 -0.132865 -0.026457 -0.919489 -0.369034 0.274708 -1.035942 4.065251 157 _DSC8836.JPG

158 -0.161132 -0.000540 -0.972778 -0.166547 0.073650 0.277434 4.132543 158 _DSC8837.JPG

159 -0.295010 -0.058835 -0.877010 -0.374648 0.203707 -1.158767 3.875989 159 _DSC8838.JPG

160 0.330504 -0.015673 0.926737 0.177989 -0.085530 0.226211 4.045118 160 _DSC8839.JPG

161 0.441028 0.110737 0.811383 0.367274 0.243592 -1.197194 3.477283 161 _DSC8840.JPG

162 -0.474158 0.009007 -0.864215 -0.168003 0.050233 0.201393 3.690646 162 _DSC8841.JPG

163 -0.585009 -0.110046 -0.735065 -0.324552 0.159060 -1.004417 3.503310 163 _DSC8842.JPG

164 -0.606997 0.013786 -0.778117 -0.160930 0.037720 0.106877 3.618860 164 _DSC8843.JPG

165 0.736639 0.115010 0.605562 0.278263 0.182246 -1.059010 3.595118 165 _DSC8844.JPG

166 0.754509 -0.031776 0.641784 0.133495 0.093971 0.109626 3.765463 166 _DSC8845.JPG

167 0.845549 0.144346 0.465937 0.217057 0.086221 -1.184893 3.684453 167 _DSC8846.JPG

168 0.847209 -0.076921 0.515498 0.102868 0.178384 0.359515 3.935642 168 _DSC8847.JPG

169 -0.946305 -0.126839 -0.276337 -0.109803 -0.430372 -0.950194 3.991230 169 _DSC8848.JPG

170 -0.982509 0.071430 -0.165873 -0.045398 -1.417729 0.223510 3.775130 170 _DSC8849.JPG

171 0.979631 0.128412 0.142044 0.060481 -0.574891 -0.912856 3.771283 171 _DSC8850.JPG

172 -0.975721 0.101364 -0.191252 -0.033420 -0.298521 0.499493 3.890873 172 _DSC8851.JPG

173 -0.988881 -0.148579 0.003816 -0.004954 -0.523337 -0.964516 3.544595 173 _DSC8852.JPG

174 -0.994851 0.100200 -0.008369 -0.012696 -0.393706 0.521665 3.695366 174 _DSC8853.JPG

175 0.974694 0.126017 -0.170918 -0.069846 -0.730453 -0.788031 3.645726 175 _DSC8854.JPG

176 -0.980527 0.116925 0.157719 -0.004368 -0.560377 0.620663 3.626845 176 _DSC8855.JPG

177 -0.930759 -0.147297 0.315449 0.111732 -0.342299 -0.688841 3.083895 177 _DSC8856.JPG

178 -0.932031 0.108446 0.345173 0.020326 -0.422863 0.599130 3.079762 178 _DSC8857.JPG

179 0.876135 0.157267 -0.422076 -0.171771 -0.121563 -0.713159 2.946118 179 _DSC8858.JPG

180 0.882212 -0.056259 -0.462272 -0.069579 -0.225403 0.310757 2.965867 180 _DSC8859.JPG

181 -0.800392 -0.182369 0.506413 0.263933 0.228647 -0.471337 2.510215 181 _DSC8860.JPG

182 -0.658661 -0.153653 0.662628 0.321684 0.372343 -0.535233 2.576498 182 _DSC8861.JPG

183 -0.437819 -0.112219 0.799412 0.395804 0.558346 -0.710824 2.676307 183 _DSC8862.JPG

184 -0.158529 -0.030380 0.883911 0.438916 0.540968 -0.901119 2.797884 184 _DSC8863.JPG

185 0.102635 0.037944 0.890429 0.441772 0.295434 -0.967954 2.885576 185 _DSC8864.JPG

186 0.374150 0.112052 0.814321 0.429345 0.113574 -0.993006 2.798204 186 _DSC8865.JPG

187 -0.548606 -0.157263 -0.723953 -0.387547 0.131131 -0.982670 2.756280 187 _DSC8866.JPG

188 0.708131 0.149077 0.601221 0.338910 0.212767 -1.029020 3.114503 188 _DSC8867.JPG

189 -0.820584 -0.179957 -0.467392 -0.275322 -0.044240 -1.104755 3.110372 189 _DSC8868.JPG

190 -0.929588 -0.190821 -0.270656 -0.161862 -0.409295 -1.020387 3.133079 190 _DSC8869.JPG

191 0.968946 0.215258 0.089689 0.082241 -0.401741 -0.905025 2.934893 191 _DSC8870.JPG

192 0.965614 0.215156 -0.139807 -0.041849 -0.591688 -0.823617 2.764565 192 _DSC8871.JPG

193 -0.926166 -0.178761 0.304160 0.133221 -0.287460 -0.387805 2.494191 193 _DSC8872.JPG

194 0.878042 0.175988 -0.390394 -0.213689 -0.185367 -0.297202 2.176482 194 _DSC8873.JPG

