1 PINHOLE 1557 1038 1585.338792 1587.504424 778.500000 519.000000
2 PINHOLE 1557 1038 1585.098679 1587.195327 778.500000 519.000000
3 PINHOLE 1557 1038 1584.933105 1586.849523 778.500000 519.000000
4 PINHOLE 1557 1038 1584.968080 1586.863449 778.500000 519.000000
5 PINHOLE 1557 1038 1585.096291 1586.861208 778.500000 519.000000
6 PINHOLE 1557 1038 1585.038033 1586.909389 778.500000 519.000000
7 PINHOLE 1557 1038 1585.149538 1587.109183 778.500000 519.000000
8 PINHOLE 1557 1038 1585.173417 1587.034415 778.500000 519.000000
9 PINHOLE 1557 1038 1585.184401 1586.989269 778.500000 519.000000
10 PINHOLE 1557 1038 1585.439225 1587.317511 778.500000 519.000000
11 PINHOLE 1557 1038 1585.744646 1587.450924 778.500000 519.000000
12 PINHOLE 1557 1038 1586.028414 1587.722298 778.500000 519.000000
13 PINHOLE 1557 1038 1586.456191 1587.983980 778.500000 519.000000
14 PINHOLE 1557 1038 1586.913577 1588.329749 778.500000 519.000000
15 PINHOLE 1557 1038 1587.031276 1588.324618 778.500000 519.000000
16 PINHOLE 1557 1038 1587.591257 1588.692336 778.500000 519.000000
17 PINHOLE 1557 1038 1587.769010 1588.691373 778.500000 519.000000
18 PINHOLE 1557 1038 1587.834733 1588.644699 778.500000 519.000000
19 PINHOLE 1557 1038 1588.153114 1588.819381 778.500000 519.000000
20 PINHOLE 1557 1038 1588.427993 1589.009020 778.500000 519.000000
21 PINHOLE 1557 1038 1584.700012 1586.080438 778.500000 519.000000
22 PINHOLE 1557 1038 1585.102618 1586.239256 778.500000 519.000000
23 PINHOLE 1557 1038 1585.251981 1586.351549 778.500000 519.000000
24 PINHOLE 1557 1038 1585.332702 1586.403541 778.500000 519.000000
25 PINHOLE 1557 1038 1585.326970 1586.514416 778.500000 519.000000
26 PINHOLE 1557 1038 1585.356465 1586.412341 778.500000 519.000000
27 PINHOLE 1557 1038 1585.359212 1586.269007 778.500000 519.000000
28 PINHOLE 1557 1038 1585.502642 1586.112583 778.500000 519.000000
29 PINHOLE 1557 1038 1585.492968 1586.122659 778.500000 519.000000
30 PINHOLE 1557 1038 1585.536801 1586.182475 778.500000 519.000000
31 PINHOLE 1557 1038 1586.065937 1586.078679 778.500000 519.000000
32 PINHOLE 1557 1038 1586.058050 1586.283884 778.500000 519.000000
33 PINHOLE 1557 1038 1586.418892 1586.400502 778.500000 519.000000
34 PINHOLE 1557 1038 1586.556857 1586.690595 778.500000 519.000000
35 PINHOLE 1557 1038 1586.391397 1586.667551 778.500000 519.000000
36 PINHOLE 1557 1038 1586.170029 1586.616183 778.500000 519.000000
37 PINHOLE 1557 1038 1586.259072 1586.790622 778.500000 519.000000
38 PINHOLE 1557 1038 1586.178634 1586.819752 778.500000 519.000000
39 PINHOLE 1557 1038 1586.349916 1587.127436 778.500000 519.000000
40 PINHOLE 1557 1038 1586.050282 1586.708039 778.500000 519.000000
41 PINHOLE 1557 1038 1586.134295 1586.684354 778.500000 519.000000
42 PINHOLE 1557 1038 1586.212936 1586.881856 778.500000 519.000000
43 PINHOLE 1557 1038 1586.079560 1586.834797 778.500000 519.000000
44 PINHOLE 1557 1038 1585.171387 1586.158484 778.500000 519.000000
45 PINHOLE 1557 1038 1585.461199 1586.501776 778.500000 519.000000
46 PINHOLE 1557 1038 1584.882734 1585.888872 778.500000 519.000000
47 PINHOLE 1557 1038 1584.851940 1585.830835 778.500000 519.000000
48 PINHOLE 1557 1038 1585.067519 1585.787029 778.500000 519.000000
49 PINHOLE 1557 1038 1585.256519 1585.761930 778.500000 519.000000
50 PINHOLE 1557 1038 1585.294610 1585.683920 778.500000 519.000000
51 PINHOLE 1557 1038 1586.403829 1586.290922 778.500000 519.000000
52 PINHOLE 1557 1038 1586.593205 1586.359228 778.500000 519.000000
53 PINHOLE 1557 1038 1586.628836 1586.053572 778.500000 519.000000
54 PINHOLE 1557 1038 1584.871276 1585.295569 778.500000 519.000000
55 PINHOLE 1557 1038 1586.352068 1586.441138 778.500000 519.000000
56 PINHOLE 1557 1038 1586.427260 1586.660829 778.500000 519.000000
57 PINHOLE 1557 1038 1586.317881 1586.779738 778.500000 519.000000
58 PINHOLE 1557 1038 1586.331747 1586.865850 778.500000 519.000000
59 PINHOLE 1557 1038 1586.088404 1586.966697 778.500000 519.000000
60 PINHOLE 1557 1038 1586.174810 1587.264023 778.500000 519.000000
61 PINHOLE 1557 1038 1585.529038 1586.514736 778.500000 519.000000
62 PINHOLE 1557 1038 1585.900678 1587.383014 778.500000 519.000000
63 PINHOLE 1557 1038 1587.589940 1589.340425 778.500000 519.000000
64 PINHOLE 1557 1038 1588.099823 1589.786133 778.500000 519.000000
65 PINHOLE 1557 1038 1586.663034 1588.324137 778.500000 519.000000
66 PINHOLE 1557 1038 1585.897811 1587.076842 778.500000 519.000000
67 PINHOLE 1557 1038 1585.985037 1586.784380 778.500000 519.000000
68 PINHOLE 1557 1038 1586.414947 1586.937722 778.500000 519.000000
69 PINHOLE 1557 1038 1586.550281 1586.906667 778.500000 519.000000
70 PINHOLE 1557 1038 1586.427738 1586.682593 778.500000 519.000000
71 PINHOLE 1557 1038 1586.639957 1586.770136 778.500000 519.000000
72 PINHOLE 1557 1038 1586.908553 1586.835438 778.500000 519.000000
73 PINHOLE 1557 1038 1586.591292 1586.648187 778.500000 519.000000
74 PINHOLE 1557 1038 1586.562477 1586.598741 778.500000 519.000000
75 PINHOLE 1557 1038 1586.567020 1586.663710 778.500000 519.000000
76 PINHOLE 1557 1038 1586.186403 1586.566898 778.500000 519.000000
77 PINHOLE 1557 1038 1586.185925 1586.608182 778.500000 519.000000
78 PINHOLE 1557 1038 1586.146485 1586.908588 778.500000 519.000000
79 PINHOLE 1557 1038 1585.642390 1586.640666 778.500000 519.000000
80 PINHOLE 1557 1038 1585.457378 1586.498096 778.500000 519.000000
81 PINHOLE 1557 1038 1585.151329 1586.277325 778.500000 519.000000
82 PINHOLE 1557 1038 1584.735456 1585.918452 778.500000 519.000000
83 PINHOLE 1557 1038 1584.875692 1585.938918 778.500000 519.000000
84 PINHOLE 1557 1038 1584.880466 1585.893669 778.500000 519.000000
85 PINHOLE 1557 1038 1586.741240 1587.640108 778.500000 519.000000
86 PINHOLE 1557 1038 1586.869443 1587.707879 778.500000 519.000000
87 PINHOLE 1557 1038 1587.018716 1588.559055 778.500000 519.000000
88 PINHOLE 1557 1038 1586.945392 1588.782485 778.500000 519.000000
89 PINHOLE 1557 1038 1586.691613 1588.630424 778.500000 519.000000
90 PINHOLE 1557 1038 1586.892526 1588.411202 778.500000 519.000000
91 PINHOLE 1557 1038 1586.600020 1588.342736 778.500000 519.000000
92 PINHOLE 1557 1038 1587.036659 1588.612140 778.500000 519.000000
93 PINHOLE 1557 1038 1587.185598 1589.280875 778.500000 519.000000
94 PINHOLE 1557 1038 1587.440820 1589.040630 778.500000 519.000000
95 PINHOLE 1557 1038 1586.807731 1588.159492 778.500000 519.000000
96 PINHOLE 1557 1038 1586.743034 1587.915707 778.500000 519.000000
97 PINHOLE 1557 1038 1586.536771 1587.411523 778.500000 519.000000
98 PINHOLE 1557 1038 1587.008787 1587.688813 778.500000 519.000000
99 PINHOLE 1557 1038 1586.893722 1587.463578 778.500000 519.000000
100 PINHOLE 1557 1038 1587.225678 1587.690895 778.500000 519.000000
101 PINHOLE 1557 1038 1587.339465 1587.738801 778.500000 519.000000
102 PINHOLE 1557 1038 1587.811867 1588.210309 778.500000 519.000000
103 PINHOLE 1557 1038 1587.816416 1588.016355 778.500000 519.000000
104 PINHOLE 1557 1038 1587.778347 1587.744890 778.500000 519.000000
105 PINHOLE 1557 1038 1587.708678 1587.472708 778.500000 519.000000
106 PINHOLE 1557 1038 1587.465353 1587.473509 778.500000 519.000000
107 PINHOLE 1557 1038 1587.360166 1587.566096 778.500000 519.000000
108 PINHOLE 1557 1038 1587.242308 1587.522845 778.500000 519.000000
109 PINHOLE 1557 1038 1587.257503 1587.907855 778.500000 519.000000
110 PINHOLE 1557 1038 1587.539314 1588.418257 778.500000 519.000000
111 PINHOLE 1557 1038 1587.689047 1588.745429 778.500000 519.000000
112 PINHOLE 1557 1038 1587.417605 1588.975004 778.500000 519.000000
113 PINHOLE 1557 1038 1587.235249 1589.062775 778.500000 519.000000
114 PINHOLE 1557 1038 1587.354423 1589.131457 778.500000 519.000000
115 PINHOLE 1557 1038 1587.119799 1588.782164 778.500000 519.000000
116 PINHOLE 1557 1038 1587.330132 1588.710621 778.500000 519.000000
117 PINHOLE 1557 1038 1587.453027 1588.728587 778.500000 519.000000
118 PINHOLE 1557 1038 1586.610064 1588.469089 778.500000 519.000000
119 PINHOLE 1557 1038 1586.828062 1587.901765 778.500000 519.000000
120 PINHOLE 1557 1038 1586.677742 1587.871317 778.500000 519.000000
121 PINHOLE 1557 1038 1587.109989 1588.072453 778.500000 519.000000
122 PINHOLE 1557 1038 1587.165738 1587.913464 778.500000 519.000000
123 PINHOLE 1557 1038 1587.097308 1587.539344 778.500000 519.000000
124 PINHOLE 1557 1038 1587.080919 1587.569140 778.500000 519.000000
125 PINHOLE 1557 1038 1587.431247 1587.832217 778.500000 519.000000
126 PINHOLE 1557 1038 1587.507598 1587.646356 778.500000 519.000000
127 PINHOLE 1557 1038 1588.317074 1588.342736 778.500000 519.000000
128 PINHOLE 1557 1038 1588.218024 1588.205660 778.500000 519.000000
129 PINHOLE 1557 1038 1587.470020 1587.630977 778.500000 519.000000
130 PINHOLE 1557 1038 1586.970630 1587.047223 778.500000 519.000000
131 PINHOLE 1557 1038 1587.148510 1587.641871 778.500000 519.000000
132 PINHOLE 1557 1038 1586.932116 1587.658532 778.500000 519.000000
133 PINHOLE 1557 1038 1587.301056 1588.285659 778.500000 519.000000
134 PINHOLE 1557 1038 1587.223883 1588.473098 778.500000 519.000000
135 PINHOLE 1557 1038 1587.304885 1588.787137 778.500000 519.000000
136 PINHOLE 1557 1038 1586.657773 1588.718481 778.500000 519.000000
137 PINHOLE 1557 1038 1586.849231 1588.160294 778.500000 519.000000
138 PINHOLE 1557 1038 1586.047534 1587.414726 778.500000 519.000000
139 PINHOLE 1557 1038 1585.855156 1587.264984 778.500000 519.000000
140 PINHOLE 1557 1038 1586.035703 1587.236320 778.500000 519.000000
141 PINHOLE 1557 1038 1586.370238 1587.277955 778.500000 519.000000
142 PINHOLE 1557 1038 1585.806052 1587.780621 778.500000 519.000000
143 PINHOLE 1557 1038 1585.703671 1587.819078 778.500000 519.000000
144 PINHOLE 1557 1038 1586.303298 1588.617754 778.500000 519.000000
145 PINHOLE 1557 1038 1585.932581 1587.833820 778.500000 519.000000
146 PINHOLE 1557 1038 1586.165846 1588.111403 778.500000 519.000000
147 PINHOLE 1557 1038 1585.867343 1588.025811 778.500000 519.000000
148 PINHOLE 1557 1038 1585.605600 1587.823564 778.500000 519.000000
149 PINHOLE 1557 1038 1586.279870 1587.835743 778.500000 519.000000
150 PINHOLE 1557 1038 1586.078843 1587.846960 778.500000 519.000000
151 PINHOLE 1557 1038 1586.525174 1588.022766 778.500000 519.000000
152 PINHOLE 1557 1038 1587.211919 1588.322855 778.500000 519.000000
153 PINHOLE 1557 1038 1587.280954 1587.941189 778.500000 519.000000
154 PINHOLE 1557 1038 1587.518848 1587.757708 778.500000 519.000000
155 PINHOLE 1557 1038 1587.372731 1587.434747 778.500000 519.000000
156 PINHOLE 1557 1038 1587.271861 1587.402394 778.500000 519.000000
157 PINHOLE 1557 1038 1587.251641 1587.464379 778.500000 519.000000
158 PINHOLE 1557 1038 1586.888819 1587.366678 778.500000 519.000000
159 PINHOLE 1557 1038 1587.064052 1587.803054 778.500000 519.000000
160 PINHOLE 1557 1038 1587.035343 1588.073254 778.500000 519.000000
161 PINHOLE 1557 1038 1586.514413 1587.997923 778.500000 519.000000
162 PINHOLE 1557 1038 1586.453800 1588.259205 778.500000 519.000000
163 PINHOLE 1557 1038 1587.003285 1588.782805 778.500000 519.000000
164 PINHOLE 1557 1038 1586.310828 1587.916028 778.500000 519.000000
165 PINHOLE 1557 1038 1586.749850 1588.639245 778.500000 519.000000
166 PINHOLE 1557 1038 1586.554944 1588.582309 778.500000 519.000000
167 PINHOLE 1557 1038 1586.409806 1588.403986 778.500000 519.000000
168 PINHOLE 1557 1038 1586.104895 1587.868753 778.500000 519.000000
169 PINHOLE 1557 1038 1586.974099 1589.074649 778.500000 519.000000
170 PINHOLE 1557 1038 1585.994596 1588.572686 778.500000 519.000000
171 PINHOLE 1557 1038 1585.785982 1588.379133 778.500000 519.000000
172 PINHOLE 1557 1038 1585.587922 1587.613194 778.500000 519.000000
173 PINHOLE 1557 1038 1585.546834 1587.477994 778.500000 519.000000
174 PINHOLE 1557 1038 1586.839663 1588.287583 778.500000 519.000000
175 PINHOLE 1557 1038 1587.240394 1588.245899 778.500000 519.000000
176 PINHOLE 1557 1038 1587.367466 1587.893432 778.500000 519.000000
177 PINHOLE 1557 1038 1587.649068 1587.837986 778.500000 519.000000
178 PINHOLE 1557 1038 1587.822521 1587.933336 778.500000 519.000000
179 PINHOLE 1557 1038 1588.248923 1588.054501 778.500000 519.000000
180 PINHOLE 1557 1038 1587.922250 1587.926124 778.500000 519.000000
181 PINHOLE 1557 1038 1587.488091 1587.877888 778.500000 519.000000
182 PINHOLE 1557 1038 1587.494195 1588.168629 778.500000 519.000000
183 PINHOLE 1557 1038 1586.993596 1587.858337 778.500000 519.000000
184 PINHOLE 1557 1038 1586.669970 1587.427379 778.500000 519.000000
185 PINHOLE 1557 1038 1586.353742 1587.166184 778.500000 519.000000
186 PINHOLE 1557 1038 1586.650479 1587.060191 778.500000 519.000000
187 PINHOLE 1557 1038 1586.601096 1586.789662 778.500000 519.000000
188 PINHOLE 1557 1038 1586.799958 1586.897543 778.500000 519.000000
189 PINHOLE 1557 1038 1587.598797 1587.117189 778.500000 519.000000
190 PINHOLE 1557 1038 1586.405144 1587.075561 778.500000 519.000000
191 PINHOLE 1557 1038 1586.280109 1588.547989 778.500000 519.000000
192 PINHOLE 1557 1038 1585.899244 1588.261610 778.500000 519.000000
193 PINHOLE 1557 1038 1585.290311 1587.957535 778.500000 519.000000
194 PINHOLE 1557 1038 1585.283624 1587.088049 778.500000 519.000000
195 PINHOLE 1557 1038 1586.183296 1587.376287 778.500000 519.000000
196 PINHOLE 1557 1038 1588.538805 1588.936657 778.500000 519.000000
197 PINHOLE 1557 1038 1588.054798 1589.194688 778.500000 519.000000
198 PINHOLE 1557 1038 1587.637697 1589.321805 778.500000 519.000000
199 PINHOLE 1557 1038 1586.507599 1589.247491 778.500000 519.000000
200 PINHOLE 1557 1038 1587.154372 1588.910345 778.500000 519.000000
201 PINHOLE 1557 1038 1586.487035 1587.303418 778.500000 519.000000
202 PINHOLE 1557 1038 1586.021722 1587.770687 778.500000 519.000000
203 PINHOLE 1557 1038 1586.041678 1588.033504 778.500000 519.000000
204 PINHOLE 1557 1038 1587.139059 1589.348772 778.500000 519.000000
205 PINHOLE 1557 1038 1587.777749 1590.332498 778.500000 519.000000
206 PINHOLE 1557 1038 1588.116229 1589.900969 778.500000 519.000000
207 PINHOLE 1557 1038 1585.094261 1585.283746 778.500000 519.000000
208 PINHOLE 1557 1038 1583.450393 1583.192516 778.500000 519.000000
209 PINHOLE 1557 1038 1584.231130 1582.988989 778.500000 519.000000
210 PINHOLE 1557 1038 1583.183692 1582.930665 778.500000 519.000000
211 PINHOLE 1557 1038 1581.829616 1584.736040 778.500000 519.000000
212 PINHOLE 1557 1038 1585.817641 1587.177233 778.500000 519.000000
213 PINHOLE 1557 1038 1587.559779 1588.450327 778.500000 519.000000
214 PINHOLE 1557 1038 1588.094674 1591.283863 778.500000 519.000000
215 PINHOLE 1557 1038 1587.878909 1591.267937 778.500000 519.000000
216 PINHOLE 1557 1038 1587.968107 1590.985175 778.500000 519.000000
217 PINHOLE 1557 1038 1587.298184 1589.382482 778.500000 519.000000
218 PINHOLE 1557 1038 1586.823637 1588.616791 778.500000 519.000000
219 PINHOLE 1557 1038 1584.700848 1587.498817 778.500000 519.000000
220 PINHOLE 1557 1038 1585.099634 1587.222869 778.500000 519.000000
221 PINHOLE 1557 1038 1583.897679 1585.920370 778.500000 519.000000
222 PINHOLE 1557 1038 1586.702256 1588.140897 778.500000 519.000000
223 PINHOLE 1557 1038 1589.971736 1591.168526 778.500000 519.000000
224 PINHOLE 1557 1038 1590.139119 1591.010745 778.500000 519.000000
225 PINHOLE 1557 1038 1589.485346 1590.100159 778.500000 519.000000
226 PINHOLE 1557 1038 1588.206526 1589.878000 778.500000 519.000000
227 PINHOLE 1557 1038 1586.542510 1588.820504 778.500000 519.000000
228 PINHOLE 1557 1038 1584.330137 1586.532816 778.500000 519.000000
229 PINHOLE 1557 1038 1584.759802 1587.317671 778.500000 519.000000
230 PINHOLE 1557 1038 1585.812982 1587.423055 778.500000 519.000000
231 PINHOLE 1557 1038 1587.338987 1588.488172 778.500000 519.000000
232 PINHOLE 1557 1038 1586.806894 1588.175042 778.500000 519.000000
233 PINHOLE 1557 1038 1588.527064 1589.576577 778.500000 519.000000
234 PINHOLE 1557 1038 1587.858916 1588.320770 778.500000 519.000000
235 PINHOLE 1557 1038 1589.022210 1589.746145 778.500000 519.000000
236 PINHOLE 1557 1038 1589.279708 1590.357728 778.500000 519.000000
237 PINHOLE 1557 1038 1586.338321 1587.456531 778.500000 519.000000
238 PINHOLE 1557 1038 1585.015590 1585.494358 778.500000 519.000000
239 PINHOLE 1557 1038 1585.287564 1587.094613 778.500000 519.000000
240 PINHOLE 1557 1038 1587.551042 1588.544942 778.500000 519.000000
241 PINHOLE 1557 1038 1587.807916 1589.584766 778.500000 519.000000
242 PINHOLE 1557 1038 1588.076712 1590.090199 778.500000 519.000000
243 PINHOLE 1557 1038 1587.125780 1589.301581 778.500000 519.000000
244 PINHOLE 1557 1038 1586.972424 1588.887081 778.500000 519.000000
245 PINHOLE 1557 1038 1586.832128 1588.904890 778.500000 519.000000
246 PINHOLE 1557 1038 1587.038931 1589.230317 778.500000 519.000000
247 PINHOLE 1557 1038 1587.321756 1588.945000 778.500000 519.000000
248 PINHOLE 1557 1038 1586.769701 1588.925907 778.500000 519.000000
249 PINHOLE 1557 1038 1586.569053 1588.767726 778.500000 519.000000
250 PINHOLE 1557 1038 1587.980679 1589.308322 778.500000 519.000000
251 PINHOLE 1557 1038 1586.026621 1587.033935 778.500000 519.000000
252 PINHOLE 1557 1038 1585.485205 1586.679713 778.500000 519.000000
253 PINHOLE 1557 1038 1586.458104 1587.552159 778.500000 519.000000
254 PINHOLE 1557 1038 1586.519913 1586.918193 778.500000 519.000000
255 PINHOLE 1557 1038 1586.371075 1586.668671 778.500000 519.000000
256 PINHOLE 1557 1038 1586.032238 1587.956894 778.500000 519.000000
257 PINHOLE 1557 1038 1587.022185 1588.785372 778.500000 519.000000
258 PINHOLE 1557 1038 1587.221849 1588.951899 778.500000 519.000000
259 PINHOLE 1557 1038 1587.713945 1589.116051 778.500000 519.000000
260 PINHOLE 1557 1038 1587.815578 1589.712743 778.500000 519.000000
261 PINHOLE 1557 1038 1586.603249 1588.243975 778.500000 519.000000
262 PINHOLE 1557 1038 1588.600026 1589.534993 778.500000 519.000000
263 PINHOLE 1557 1038 1586.293018 1587.582596 778.500000 519.000000
264 PINHOLE 1557 1038 1586.850666 1589.212823 778.500000 519.000000
265 PINHOLE 1557 1038 1587.111903 1589.637432 778.500000 519.000000
266 PINHOLE 1557 1038 1586.252379 1586.081878 778.500000 519.000000
267 PINHOLE 1557 1038 1584.368788 1582.763842 778.500000 519.000000
268 PINHOLE 1557 1038 1589.328865 1588.704045 778.500000 519.000000
269 PINHOLE 1557 1038 1588.713254 1589.413945 778.500000 519.000000
270 PINHOLE 1557 1038 1589.807500 1590.247975 778.500000 519.000000
271 PINHOLE 1557 1038 1590.459806 1591.493022 778.500000 519.000000
272 PINHOLE 1557 1038 1588.974746 1592.458046 778.500000 519.000000
273 PINHOLE 1557 1038 1578.901737 1582.628113 778.500000 519.000000
274 PINHOLE 1557 1038 1586.487035 1588.073415 778.500000 519.000000
275 PINHOLE 1557 1038 1584.301746 1584.790491 778.500000 519.000000
276 PINHOLE 1557 1038 1584.577819 1585.305636 778.500000 519.000000
277 PINHOLE 1557 1038 1587.057592 1589.008539 778.500000 519.000000
278 PINHOLE 1557 1038 1586.326726 1588.692336 778.500000 519.000000
279 PINHOLE 1557 1038 1587.107716 1589.450547 778.500000 519.000000
280 PINHOLE 1557 1038 1587.214910 1590.946258 778.500000 519.000000
281 PINHOLE 1557 1038 1564.495481 1576.133458 778.500000 519.000000
282 PINHOLE 1557 1038 1581.698618 1585.983371 778.500000 519.000000
283 PINHOLE 1557 1038 1585.103215 1587.699547 778.500000 519.000000
284 PINHOLE 1557 1038 1586.422120 1589.373171 778.500000 519.000000
285 PINHOLE 1557 1038 1587.321397 1588.790987 778.500000 519.000000
286 PINHOLE 1557 1038 1587.759194 1589.528892 778.500000 519.000000
287 PINHOLE 1557 1038 1586.993237 1588.142661 778.500000 519.000000
288 PINHOLE 1557 1038 1585.292699 1586.197669 778.500000 519.000000
289 PINHOLE 1557 1038 1576.293699 1579.788836 778.500000 519.000000
290 PINHOLE 1557 1038 1586.914175 1587.500740 778.500000 519.000000
291 PINHOLE 1557 1038 1586.664828 1587.804496 778.500000 519.000000
292 PINHOLE 1557 1038 1586.968358 1588.239005 778.500000 519.000000
293 PINHOLE 1557 1038 1586.158556 1587.455409 778.500000 519.000000
294 PINHOLE 1557 1038 1587.307637 1588.826921 778.500000 519.000000
295 PINHOLE 1557 1038 1586.672840 1587.792318 778.500000 519.000000
296 PINHOLE 1557 1038 1588.625666 1588.531310 778.500000 519.000000
297 PINHOLE 1557 1038 1592.713315 1588.632028 778.500000 519.000000
298 PINHOLE 1557 1038 1580.133346 1588.004494 778.500000 519.000000
299 PINHOLE 1557 1038 1597.653261 1597.410040 778.500000 519.000000
300 PINHOLE 1557 1038 1595.127674 1596.486996 778.500000 519.000000
301 PINHOLE 1557 1038 1594.284151 1599.119755 778.500000 519.000000
302 PINHOLE 1557 1038 1589.859323 1589.927793 778.500000 519.000000
303 PINHOLE 1557 1038 1587.679112 1588.473258 778.500000 519.000000
304 PINHOLE 1557 1038 1587.681506 1589.844272 778.500000 519.000000
305 PINHOLE 1557 1038 1585.347390 1588.588404 778.500000 519.000000
306 PINHOLE 1557 1038 1584.454089 1586.444178 778.500000 519.000000
307 PINHOLE 1557 1038 1592.336210 1595.644294 778.500000 519.000000
308 PINHOLE 1557 1038 1591.495430 1592.318556 778.500000 519.000000
309 PINHOLE 1557 1038 1594.120762 1594.785436 778.500000 519.000000
310 PINHOLE 1557 1038 1587.596403 1588.538527 778.500000 519.000000
311 PINHOLE 1557 1038 1587.147075 1587.440193 778.500000 519.000000