1 -0.957391 0.044712 0.266810 0.101073 0.048127 -1.710515 4.049846 1 DSCF4667.JPG

2 0.960765 -0.038163 -0.256282 -0.098965 0.100465 -1.783056 4.034703 2 DSCF4668.JPG

3 -0.962631 0.024172 0.251654 0.097100 -0.010338 -1.930181 4.015552 3 DSCF4669.JPG

4 0.973963 -0.023036 -0.208126 -0.086888 0.137859 -1.992395 4.098625 4 DSCF4670.JPG

5 0.980113 -0.023165 -0.182296 -0.074896 0.100056 -2.046609 4.193399 5 DSCF4671.JPG

6 -0.985165 0.006041 0.157327 0.068279 0.074921 -2.211933 4.146007 6 DSCF4672.JPG

7 0.988656 -0.005270 -0.133515 -0.068599 0.016196 -2.197974 4.076497 7 DSCF4673.JPG

8 -0.992829 0.002683 0.107365 0.052503 0.063788 -2.157201 4.013556 8 DSCF4674.JPG

9 0.995824 0.001383 -0.081836 -0.040443 0.121645 -2.159667 3.998900 9 DSCF4675.JPG

10 0.998088 0.000396 -0.058517 -0.019870 0.105991 -2.165957 4.036281 10 DSCF4676.JPG

11 -0.999678 -0.001452 0.025303 -0.001018 0.147339 -2.204517 4.127367 11 DSCF4677.JPG

12 -0.999954 -0.001832 -0.000801 -0.009344 0.103617 -2.229783 4.158965 12 DSCF4678.JPG

13 0.999422 0.009166 0.022076 0.024161 0.062454 -2.295351 4.095490 13 DSCF4679.JPG

14 0.998615 0.015550 0.034612 0.036431 -0.037663 -2.325304 4.084566 14 DSCF4680.JPG

15 -0.996816 -0.003755 -0.064776 -0.046353 0.048863 -2.228702 4.199705 15 DSCF4681.JPG

16 0.991658 -0.002628 0.102439 0.078188 0.248284 -2.217881 4.312224 16 DSCF4682.JPG

17 -0.988491 0.012009 -0.126371 -0.082292 0.246864 -2.152327 4.497549 17 DSCF4683.JPG

18 -0.985650 0.019351 -0.144529 -0.085035 0.234440 -2.103060 4.625519 18 DSCF4684.JPG

19 -0.983208 0.015857 -0.158182 -0.089603 0.183703 -2.124133 4.622735 19 DSCF4685.JPG

20 0.979595 -0.005450 0.167823 0.110447 0.241563 -2.191421 4.514389 20 DSCF4686.JPG

21 0.202720 0.028126 0.852021 0.481845 1.295639 -2.164673 3.139423 21 DSCF4687.JPG

22 -0.192618 -0.017567 -0.866811 -0.459596 1.334445 -1.999923 3.290403 22 DSCF4688.JPG

23 0.182891 0.020698 0.872998 0.451659 1.263646 -1.955680 3.334962 23 DSCF4689.JPG

24 0.169250 0.023178 0.872120 0.458501 1.154040 -2.003129 3.306046 24 DSCF4690.JPG

25 0.147847 0.027565 0.868863 0.471656 1.051018 -2.092571 3.221789 25 DSCF4691.JPG

26 0.140652 0.021700 0.868538 0.474750 0.838920 -2.089184 3.216880 26 DSCF4692.JPG

27 -0.119005 -0.013362 -0.868098 -0.481732 0.723324 -2.085231 3.176414 27 DSCF4693.JPG

28 0.109551 -0.010470 0.867302 0.485466 0.520605 -2.052758 3.188076 28 DSCF4694.JPG

29 -0.117385 -0.006052 -0.868805 -0.481002 0.207804 -2.042496 3.203013 29 DSCF4695.JPG

30 -0.136996 0.000592 -0.870667 -0.472410 -0.042874 -1.967602 3.250257 30 DSCF4696.JPG

31 -0.147276 0.039965 -0.893705 -0.421906 -0.025264 -1.491207 3.522546 31 DSCF4697.JPG

32 -0.152742 0.057567 -0.913829 -0.371851 0.092064 -0.992106 3.724233 32 DSCF4698.JPG

33 0.152464 -0.058693 0.930250 0.328550 0.323688 -0.567037 3.850786 33 DSCF4699.JPG

34 -0.148962 0.040181 -0.930543 -0.332092 0.630798 -0.587916 3.861880 34 DSCF4700.JPG

35 -0.165641 0.022641 -0.926759 -0.336404 0.772865 -0.663483 3.878077 35 DSCF4701.JPG

36 -0.180557 0.002649 -0.918545 -0.351664 0.918259 -0.878798 3.868327 36 DSCF4702.JPG

37 -0.195210 -0.011908 -0.916399 -0.349235 1.013100 -0.928233 3.909771 37 DSCF4703.JPG

38 -0.208575 -0.011683 -0.911476 -0.354362 1.084481 -0.990116 3.951531 38 DSCF4704.JPG

39 -0.215853 -0.031149 -0.905911 -0.362992 1.223813 -1.179305 3.907404 39 DSCF4705.JPG

40 0.216730 0.038565 0.904912 0.364247 1.327050 -1.308993 3.879079 40 DSCF4706.JPG

41 -0.211131 -0.027752 -0.900357 -0.379487 1.351481 -1.491737 3.846331 41 DSCF4707.JPG

42 -0.203732 -0.019425 -0.895029 -0.396281 1.323161 -1.686588 3.786627 42 DSCF4708.JPG

43 0.198474 0.014578 0.885516 0.419830 1.248698 -1.909886 3.723290 43 DSCF4709.JPG

44 0.180526 -0.000146 0.878034 0.443246 1.265081 -2.073602 3.644274 44 DSCF4710.JPG

45 0.153566 -0.008389 0.873574 0.461752 1.294395 -2.188221 3.543819 45 DSCF4711.JPG

46 0.157180 -0.012264 0.862107 0.481577 1.043532 -2.362450 3.465988 46 DSCF4712.JPG

47 -0.155677 0.009565 -0.859037 -0.487574 0.850962 -2.417047 3.428526 47 DSCF4713.JPG

48 -0.174377 0.009903 -0.861332 -0.477077 0.497923 -2.333252 3.497478 48 DSCF4714.JPG

49 -0.191594 0.028676 -0.865586 -0.461770 0.166785 -2.153681 3.591548 49 DSCF4715.JPG

50 0.230255 -0.039764 0.876730 0.420412 -0.351821 -1.776749 3.758225 50 DSCF4716.JPG

51 0.245094 -0.053646 0.888868 0.383359 -0.639910 -1.393145 3.883785 51 DSCF4717.JPG

52 -0.242383 0.057507 -0.898681 -0.360994 -0.761760 -1.109431 3.935718 52 DSCF4718.JPG

53 -0.234826 0.060730 -0.914197 -0.324674 -0.753254 -0.706422 3.997048 53 DSCF4719.JPG

54 -0.183400 0.035050 -0.927953 -0.322553 -0.195522 -0.612685 4.042870 54 DSCF4720.JPG

55 -0.153349 0.022037 -0.935426 -0.317767 0.213056 -0.524742 4.051152 55 DSCF4721.JPG

56 0.156934 -0.017643 0.936561 0.312910 0.375539 -0.464848 4.054388 56 DSCF4722.JPG

57 -0.161398 0.003772 -0.931825 -0.325021 0.605673 -0.578927 4.045126 57 DSCF4723.JPG

58 0.160613 0.010667 0.927555 0.337240 0.922743 -0.707506 4.027833 58 DSCF4724.JPG

59 -0.156799 -0.025577 -0.915815 -0.368840 1.212139 -0.994716 3.957362 59 DSCF4725.JPG

60 0.144666 0.032411 0.907460 0.393112 1.514970 -1.144406 3.902540 60 DSCF4726.JPG

61 0.137161 0.027107 0.907867 0.395260 1.710297 -1.054420 3.947368 61 DSCF4727.JPG

62 -0.121398 -0.025695 -0.903007 -0.411316 1.885300 -1.046719 3.925047 62 DSCF4728.JPG

63 0.111902 0.025097 0.900712 0.419006 1.813511 -0.971905 3.907463 63 DSCF4729.JPG

64 0.101210 0.024723 0.899946 0.423371 1.645132 -0.937950 3.891363 64 DSCF4730.JPG

65 -0.107079 -0.033846 -0.899872 -0.421449 1.305940 -0.956154 3.902894 65 DSCF4731.JPG

66 -0.115920 -0.024530 -0.904190 -0.410367 0.962205 -0.856878 3.967745 66 DSCF4732.JPG

67 0.119375 -0.010120 0.905580 0.406905 0.661425 -0.769159 4.013319 67 DSCF4733.JPG

68 0.102691 -0.043164 0.910470 0.398292 0.542948 -0.649687 4.034174 68 DSCF4734.JPG

69 0.086195 -0.061942 0.912272 0.395592 0.435203 -0.640037 4.036849 69 DSCF4735.JPG

70 -0.071609 0.084482 -0.910498 -0.398407 0.320973 -0.719636 4.025533 70 DSCF4736.JPG

71 -0.076056 0.076687 -0.908715 -0.403201 0.129397 -0.963208 3.983032 71 DSCF4737.JPG

72 0.091039 -0.071973 0.909973 0.398097 -0.085327 -1.127267 3.963711 72 DSCF4738.JPG

73 0.085963 -0.071812 0.914089 0.389736 -0.025021 -1.232130 3.956662 73 DSCF4739.JPG

74 -0.085564 0.075500 -0.904227 -0.411524 0.039745 -1.574506 3.874970 74 DSCF4740.JPG

75 0.083321 -0.069770 0.901894 0.418064 0.162236 -1.734476 3.833824 75 DSCF4741.JPG

76 -0.074831 0.062398 -0.886542 -0.452272 0.388653 -2.071223 3.637353 76 DSCF4742.JPG

77 -0.083018 0.057440 -0.892087 -0.440443 0.492425 -1.986249 3.677045 77 DSCF4743.JPG

78 -0.086019 0.027824 -0.890589 -0.445733 0.687029 -2.111808 3.614952 78 DSCF4744.JPG

79 -0.114721 0.004866 -0.880333 -0.460248 0.662217 -2.329757 3.544957 79 DSCF4745.JPG

80 -0.147497 -0.011377 -0.880302 -0.450758 0.606816 -2.327931 3.615291 80 DSCF4746.JPG

81 0.175171 0.028687 0.873003 0.454266 0.590074 -2.437230 3.601554 81 DSCF4747.JPG

82 -0.188983 -0.026586 -0.868246 -0.457961 0.708326 -2.481532 3.601026 82 DSCF4748.JPG

83 -0.195470 -0.015132 -0.867748 -0.456702 0.860604 -2.446821 3.631640 83 DSCF4749.JPG

84 0.209592 0.000794 0.868479 0.449237 0.899172 -2.344696 3.711356 84 DSCF4750.JPG

85 0.173365 -0.001264 -0.854082 -0.490395 0.727474 -2.244420 2.984213 85 DSCF4751.JPG

86 0.179725 -0.012781 -0.853995 -0.488086 0.869091 -2.240218 3.003099 86 DSCF4752.JPG

87 0.199093 -0.018391 -0.849202 -0.488753 1.245431 -2.241415 2.991543 87 DSCF4753.JPG

88 0.189509 -0.030448 -0.857081 -0.478091 1.390401 -2.172771 3.108066 88 DSCF4754.JPG

89 0.193074 -0.026596 -0.861054 -0.469682 1.656159 -2.090285 3.151238 89 DSCF4755.JPG

90 -0.208824 0.032283 0.866593 0.452070 2.025312 -1.927268 3.202331 90 DSCF4756.JPG

91 -0.214037 0.066133 0.880045 0.418730 2.274245 -1.687700 3.314751 91 DSCF4757.JPG

92 -0.207136 0.080851 0.898625 0.378195 2.371979 -1.323228 3.493045 92 DSCF4758.JPG

93 0.182930 -0.083822 -0.912173 -0.357001 2.200471 -1.063193 3.658260 93 DSCF4759.JPG

94 0.142448 -0.060385 -0.917817 -0.365616 1.751865 -1.027448 3.801128 94 DSCF4760.JPG

95 0.094648 -0.048803 -0.914490 -0.390343 1.208849 -1.198947 3.857263 95 DSCF4761.JPG

96 0.088839 -0.031645 -0.896167 -0.433579 0.978691 -1.559993 3.692094 96 DSCF4762.JPG

97 0.086725 -0.008653 -0.876769 -0.472947 0.764586 -1.894267 3.489483 97 DSCF4763.JPG

98 0.103236 0.011158 -0.873110 -0.476337 0.644003 -1.944251 3.422764 98 DSCF4764.JPG

99 0.118070 0.034293 -0.861643 -0.492397 0.459586 -2.142354 3.330946 99 DSCF4765.JPG

100 0.136095 0.046491 -0.858600 -0.492059 0.326030 -2.201474 3.348059 100 DSCF4766.JPG

101 -0.138545 -0.046626 0.859989 0.488927 0.103295 -2.213978 3.381690 101 DSCF4767.JPG

102 0.142708 0.050929 -0.879927 -0.450300 -0.081620 -1.886243 3.592327 102 DSCF4768.JPG

103 0.120547 0.067314 -0.895603 -0.422887 -0.420004 -1.622381 3.733508 103 DSCF4769.JPG

104 -0.113501 -0.083998 0.908216 0.393962 -0.598533 -1.337564 3.836886 104 DSCF4770.JPG

105 0.115397 0.087457 -0.916769 -0.372248 -0.642465 -1.024452 3.924643 105 DSCF4771.JPG

106 0.118356 0.095297 -0.912311 -0.380263 -0.597724 -0.959104 3.912699 106 DSCF4772.JPG

107 -0.124382 -0.104865 0.915620 0.367657 -0.413570 -0.740949 3.904294 107 DSCF4773.JPG

108 -0.112540 -0.093927 0.918617 0.366955 -0.214097 -0.650278 3.870108 108 DSCF4774.JPG

109 0.135314 0.071649 -0.912816 -0.378579 0.303961 -0.663943 3.826744 109 DSCF4775.JPG

110 -0.146474 -0.040629 0.915958 0.371371 0.685482 -0.568729 3.823767 110 DSCF4776.JPG

111 -0.152492 -0.018564 0.920166 0.360133 0.989345 -0.535149 3.839912 111 DSCF4777.JPG

112 0.160313 -0.006787 -0.925932 -0.341912 1.302708 -0.519120 3.840608 112 DSCF4778.JPG

113 -0.145891 0.018140 0.937539 0.315288 1.368111 -0.421361 3.920476 113 DSCF4779.JPG

114 -0.150666 0.023887 0.934295 0.322213 1.595951 -0.599536 3.916851 114 DSCF4780.JPG

115 0.177629 -0.030671 -0.917312 -0.355028 1.991171 -0.998465 3.747432 115 DSCF4781.JPG

116 0.206028 -0.009952 -0.893861 -0.398077 2.278700 -1.419101 3.525987 116 DSCF4782.JPG

117 0.206009 0.008509 -0.877854 -0.432272 2.214950 -1.770508 3.412618 117 DSCF4783.JPG

118 0.188280 0.027914 -0.866278 -0.461880 1.960631 -2.066966 3.366719 118 DSCF4784.JPG

119 -0.159401 -0.035594 0.850556 0.499879 1.570281 -2.437536 3.257177 119 DSCF4785.JPG

120 -0.143504 -0.034026 0.847374 0.510104 1.252361 -2.564745 3.216903 120 DSCF4786.JPG

121 -0.139194 -0.041984 0.852306 0.502431 1.028489 -2.516130 3.275751 121 DSCF4787.JPG

122 0.136411 0.040566 -0.851077 -0.505386 0.804718 -2.551784 3.275406 122 DSCF4788.JPG

123 -0.123471 -0.047934 0.842540 0.522096 0.503906 -2.692714 3.201366 123 DSCF4789.JPG

124 0.094575 0.055541 -0.849988 -0.515258 0.080059 -2.642365 3.287429 124 DSCF4790.JPG

125 0.085139 0.067158 -0.858867 -0.500589 -0.163609 -2.512998 3.405152 125 DSCF4791.JPG

126 -0.059692 -0.077967 0.873865 0.476150 -0.537545 -2.277807 3.537601 126 DSCF4792.JPG

127 0.039001 0.101762 -0.892758 -0.437157 -0.841306 -1.938306 3.695648 127 DSCF4793.JPG

128 -0.035977 -0.113796 0.903304 0.412066 -0.934852 -1.663564 3.772790 128 DSCF4794.JPG

129 -0.044809 -0.128164 0.906610 0.399529 -0.826928 -1.439382 3.801289 129 DSCF4795.JPG

130 0.083634 0.129975 -0.911541 -0.381058 -0.395213 -1.132495 3.886190 130 DSCF4796.JPG

131 -0.116555 -0.108597 0.916250 0.367569 0.056825 -0.874853 3.926164 131 DSCF4797.JPG

132 0.132530 0.075905 -0.917673 -0.366811 0.414772 -0.781367 3.911656 132 DSCF4798.JPG

133 -0.139245 -0.046998 0.920102 0.363062 0.697423 -0.713719 3.914696 133 DSCF4799.JPG

134 0.137163 0.005113 -0.920594 -0.365606 0.973113 -0.759227 3.903885 134 DSCF4800.JPG

135 -0.163442 0.017088 0.911514 0.377011 1.410466 -0.911246 3.804705 135 DSCF4801.JPG

136 -0.175193 0.042631 0.906109 0.382696 1.682129 -1.084711 3.720520 136 DSCF4802.JPG

137 0.178764 -0.062641 -0.894783 -0.404331 1.806304 -1.487628 3.599161 137 DSCF4803.JPG

138 0.998791 0.044610 -0.003265 0.020386 0.222096 -2.592097 3.720679 138 DSCF4804.JPG

139 0.999421 0.033999 -0.000033 0.001613 0.180445 -2.531931 3.802677 139 DSCF4805.JPG

140 0.999365 0.031668 0.011177 -0.011893 0.443812 -2.535736 3.860391 140 DSCF4806.JPG

141 0.999133 0.025052 0.033244 -0.001302 0.890528 -2.473612 3.933067 141 DSCF4807.JPG

142 -0.997150 -0.006808 -0.074880 -0.006210 1.457948 -2.293387 4.010822 142 DSCF4808.JPG

143 -0.997696 0.001327 -0.066565 0.013060 1.444485 -2.234955 4.164217 143 DSCF4809.JPG

144 -0.995983 0.022917 -0.073648 0.045485 1.516602 -2.069347 4.320402 144 DSCF4810.JPG

145 0.994328 -0.074612 0.054924 -0.052239 1.434239 -1.542741 4.619858 145 DSCF4811.JPG

146 -0.993040 0.094691 -0.017408 0.067845 1.072059 -1.289438 4.797945 146 DSCF4812.JPG

147 -0.994690 0.070778 0.000229 0.074716 0.847363 -1.433085 4.761079 147 DSCF4813.JPG

148 -0.994280 0.055619 0.046145 0.078643 0.322106 -1.477587 4.751109 148 DSCF4814.JPG

149 -0.995284 0.050480 0.072957 0.039230 0.081581 -1.430678 4.717605 149 DSCF4815.JPG

150 -0.994265 0.054413 0.091250 0.012257 -0.204444 -1.328977 4.728855 150 DSCF4816.JPG

151 0.992339 -0.070582 -0.100665 0.012173 -0.495124 -1.136872 4.800105 151 DSCF4817.JPG

152 -0.989976 0.070309 0.106032 -0.061321 -0.715903 -1.179990 4.858262 152 DSCF4818.JPG

153 -0.988475 0.053218 0.106146 -0.093900 -0.844598 -1.449106 4.879852 153 DSCF4819.JPG

154 -0.986001 0.024842 0.097837 -0.132712 -0.747620 -1.856708 4.869429 154 DSCF4820.JPG

155 -0.987119 0.007901 0.087220 -0.133888 -0.755106 -2.135884 4.888439 155 DSCF4821.JPG

156 -0.989722 0.004869 0.081384 -0.117485 -0.840869 -2.291574 4.938788 156 DSCF4822.JPG

157 -0.991665 0.005301 0.078281 -0.102193 -0.860560 -2.438482 4.957660 157 DSCF4823.JPG

158 -0.993362 -0.009236 0.083273 -0.078813 -0.925354 -2.738464 4.824156 158 DSCF4824.JPG

159 -0.995763 -0.017384 0.077336 -0.046620 -0.809459 -2.897007 4.755332 159 DSCF4825.JPG

160 -0.995272 -0.012089 0.093569 -0.023058 -0.761537 -2.885672 4.758175 160 DSCF4826.JPG

161 0.994864 0.019295 -0.099360 -0.001040 -0.621081 -2.999482 4.702535 161 DSCF4827.JPG

162 0.994120 0.017235 -0.103569 -0.026499 -0.531431 -3.000852 4.717550 162 DSCF4828.JPG

163 0.996789 0.022391 -0.073765 -0.021647 0.071525 -3.062180 4.716704 163 DSCF4829.JPG

164 0.998223 0.030708 -0.043984 -0.025953 0.610387 -3.160954 4.613141 164 DSCF4830.JPG

165 0.998144 0.029147 -0.035705 -0.039809 0.868949 -3.175370 4.591154 165 DSCF4831.JPG

166 -0.996889 -0.023878 0.043476 0.061253 0.883262 -3.111151 4.631423 166 DSCF4832.JPG

167 0.993835 0.017538 -0.060273 -0.091389 0.657425 -2.966996 4.730521 167 DSCF4833.JPG

168 0.991111 0.001073 -0.054510 -0.121355 0.598973 -2.685128 4.851803 168 DSCF4834.JPG

169 -0.993373 0.029299 0.043619 0.102222 0.847630 -2.210021 5.041664 169 DSCF4835.JPG

170 -0.993697 0.028532 0.038460 0.101354 0.862161 -2.061920 5.070634 170 DSCF4836.JPG

171 0.996016 -0.024427 -0.039635 -0.076060 0.742387 -1.880640 5.099336 171 DSCF4837.JPG

172 -0.998051 0.028964 0.024697 0.049449 0.698025 -1.687920 5.116250 172 DSCF4838.JPG

173 0.998919 -0.025818 -0.034213 -0.017994 0.326642 -1.657833 5.162704 173 DSCF4839.JPG

174 0.997980 -0.025515 -0.052574 0.024924 -0.143678 -1.691577 5.194289 174 DSCF4840.JPG

175 -0.995224 0.018130 0.059254 -0.075435 -0.372281 -1.868084 5.164889 175 DSCF4841.JPG

176 0.993742 0.002514 -0.044466 0.102440 -0.383918 -2.183716 5.119028 176 DSCF4842.JPG

177 -0.991454 -0.011128 0.022070 -0.128095 -0.272631 -2.397516 5.170849 177 DSCF4843.JPG

178 0.988246 0.008626 -0.005463 0.152533 -0.112982 -2.522741 5.273808 178 DSCF4844.JPG

179 -0.989410 -0.019057 0.023890 -0.141893 -0.379996 -2.846383 5.225914 179 DSCF4845.JPG

180 -0.991612 -0.008044 0.020280 -0.127395 -0.341460 -2.872146 5.263994 180 DSCF4846.JPG

181 -0.995718 -0.003380 0.033657 -0.086028 -0.546151 -2.904104 5.206330 181 DSCF4847.JPG

182 -0.997937 0.002466 0.040156 -0.050036 -0.566917 -2.834344 5.149736 182 DSCF4848.JPG

183 0.994968 -0.021338 -0.097116 0.012307 -1.078518 -2.603542 5.064092 183 DSCF4849.JPG

184 -0.983387 0.043196 0.172377 0.037004 -1.698661 -2.266303 4.908124 184 DSCF4850.JPG

185 -0.968682 0.049775 0.235632 0.060462 -2.038077 -2.103425 4.719020 185 DSCF4851.JPG

186 0.959136 -0.076063 -0.262889 -0.071850 -2.072548 -1.727399 4.702656 186 DSCF4852.JPG

187 -0.954436 0.117628 0.258080 0.092797 -1.818615 -1.189319 4.754637 187 DSCF4853.JPG

188 -0.942240 0.155889 0.277199 0.105091 -1.773585 -0.694272 4.722363 188 DSCF4854.JPG

189 0.923081 -0.149012 -0.333543 -0.120276 -2.117433 -0.628410 4.563965 189 DSCF4855.JPG

190 0.932042 -0.090827 -0.324180 -0.133995 -1.856657 -1.245483 4.576695 190 DSCF4856.JPG

191 0.944097 -0.021803 -0.300700 -0.133362 -1.495710 -2.060844 4.443897 191 DSCF4857.JPG

192 -0.941606 -0.048218 0.309614 0.123257 -1.522362 -2.833714 4.013429 192 DSCF4858.JPG

193 -0.957248 -0.091982 0.262269 0.080195 -1.017639 -3.356730 3.829311 193 DSCF4859.JPG

194 0.980464 0.068162 -0.181974 -0.030494 -0.427591 -3.233606 4.134786 194 DSCF4860.JPG

195 0.995583 0.050753 -0.077846 0.013380 0.431326 -3.087635 4.407506 195 DSCF4861.JPG

196 -0.997569 -0.024562 -0.036210 -0.054243 1.572973 -2.718369 4.474205 196 DSCF4862.JPG

197 -0.991025 0.026786 -0.097611 -0.087310 2.197203 -2.011228 4.529659 197 DSCF4863.JPG

198 -0.978626 0.068651 -0.147584 -0.125690 2.595008 -1.297033 4.419059 198 DSCF4864.JPG

199 -0.979035 0.120460 -0.123903 -0.107834 2.038531 -0.790554 4.718190 199 DSCF4865.JPG

200 0.981844 -0.119849 0.112476 0.094697 1.646443 -0.856785 4.879169 200 DSCF4866.JPG

201 -0.988747 0.077155 -0.100878 -0.079051 1.329607 -1.445719 4.877066 201 DSCF4867.JPG

202 -0.913704 -0.072452 0.347696 0.197494 -0.283458 -1.445132 1.322425 202 DSCF4868.JPG

203 -0.914802 -0.054265 0.351102 0.192142 -0.134495 -1.384879 1.427417 203 DSCF4869.JPG

204 0.924081 0.021217 -0.338773 -0.175665 0.088963 -1.226658 1.563837 204 DSCF4870.JPG

205 0.930441 -0.004951 -0.325188 -0.168841 0.260008 -1.083214 1.664469 205 DSCF4871.JPG

206 0.928296 -0.054867 -0.329340 -0.163681 0.353852 -0.854009 1.818932 206 DSCF4872.JPG

207 0.922589 -0.108428 -0.340836 -0.144579 0.383612 -0.539495 1.925147 207 DSCF4873.JPG

208 0.913841 -0.134036 -0.357206 -0.139039 0.292358 -0.332967 1.955532 208 DSCF4874.JPG

209 -0.900148 0.175621 0.370757 0.146390 0.160106 -0.070003 1.975014 209 DSCF4875.JPG

210 -0.883386 0.219687 0.386878 0.147280 0.045060 0.211967 1.978338 210 DSCF4876.JPG

211 0.893840 -0.210837 -0.365504 -0.151672 0.108409 0.211525 2.017601 211 DSCF4877.JPG

212 0.927248 -0.173914 -0.299651 -0.142035 0.406828 -0.014234 2.072565 212 DSCF4878.JPG

213 0.950835 -0.147291 -0.247430 -0.114006 0.678835 -0.203299 2.053243 213 DSCF4879.JPG

214 0.970102 -0.068737 -0.212562 -0.094835 0.821420 -0.616922 1.909655 214 DSCF4880.JPG

215 0.974469 -0.009887 -0.206368 -0.087894 0.803018 -0.917418 1.767065 215 DSCF4881.JPG

216 -0.971253 -0.041542 0.214408 0.094715 0.668090 -1.180156 1.634071 216 DSCF4882.JPG

217 -0.953980 -0.062803 0.262697 0.130260 0.295203 -1.322189 1.577182 217 DSCF4883.JPG

218 0.925928 0.078567 -0.319600 -0.185312 -0.169849 -1.410598 1.485127 218 DSCF4884.JPG

219 0.898781 0.104247 -0.370777 -0.209402 -0.516349 -1.543302 1.317710 219 DSCF4885.JPG

220 0.876033 0.119926 -0.403119 -0.235965 -0.815097 -1.673732 1.166785 220 DSCF4886.JPG

221 -0.834645 -0.140506 0.446727 0.289933 -1.268634 -1.702797 0.910386 221 DSCF4887.JPG

222 0.775233 0.133717 -0.516818 -0.337687 -1.782023 -1.515508 0.674595 222 DSCF4888.JPG

223 0.713019 0.109494 -0.588906 -0.364424 -2.192661 -1.220956 0.460265 223 DSCF4889.JPG

224 -0.664336 -0.069745 0.648456 0.365100 -2.452327 -0.898451 0.318598 224 DSCF4890.JPG

225 -0.637903 -0.034403 0.689376 0.341550 -2.561856 -0.662404 0.247148 225 DSCF4891.JPG

226 -0.629787 0.005415 0.717252 0.298141 -2.574289 -0.468105 0.277964 226 DSCF4892.JPG

227 -0.641099 0.039173 0.720876 0.260374 -2.528038 -0.330608 0.418742 227 DSCF4893.JPG

228 0.656710 -0.074113 -0.717175 -0.221130 -2.491627 -0.184851 0.585147 228 DSCF4894.JPG

229 -0.645304 0.097833 0.737766 0.172373 -2.560468 -0.076622 0.559582 229 DSCF4895.JPG

230 -0.599848 0.092291 0.775826 0.172506 -2.720157 -0.033131 0.278106 230 DSCF4896.JPG

231 0.562732 -0.072653 -0.797156 -0.206392 -2.862542 -0.014469 0.023946 231 DSCF4897.JPG

232 -0.550701 0.043378 0.792131 0.259568 -2.948715 -0.056579 -0.082007 232 DSCF4898.JPG

233 -0.568753 0.002389 0.764574 0.303217 -2.926579 -0.259889 -0.041731 233 DSCF4899.JPG

234 -0.610414 -0.035830 0.710633 0.348010 -2.836055 -0.489197 0.105946 234 DSCF4900.JPG

235 0.671129 0.073448 -0.641446 -0.364333 -2.635151 -0.819325 0.327406 235 DSCF4901.JPG

236 0.733416 0.089638 -0.582771 -0.338295 -2.334154 -1.108373 0.601725 236 DSCF4902.JPG

237 0.799285 0.110088 -0.508568 -0.300637 -1.834544 -1.352279 0.821039 237 DSCF4903.JPG

238 -0.858682 -0.120288 0.430388 0.250922 -1.256936 -1.470837 0.953612 238 DSCF4904.JPG

239 0.910968 0.099792 -0.354088 -0.186550 -0.748461 -1.415535 1.136244 239 DSCF4905.JPG

240 -0.958128 -0.066368 0.251232 0.120287 -0.321839 -1.309203 1.343835 240 DSCF4906.JPG

241 0.989314 0.062327 -0.130130 -0.020952 0.172352 -1.307514 1.460024 241 DSCF4907.JPG

242 -0.995665 -0.057986 0.056032 -0.046363 0.537497 -1.246798 1.570624 242 DSCF4908.JPG

243 -0.996962 -0.021526 0.031489 -0.067908 0.623214 -1.110672 1.755225 243 DSCF4909.JPG

244 0.995111 0.035433 0.033937 0.085715 0.938859 -1.221333 1.783020 244 DSCF4910.JPG

245 -0.989908 -0.024808 -0.092959 -0.104049 1.273753 -1.198699 1.887741 245 DSCF4911.JPG

246 0.984269 -0.013584 0.131380 0.117344 1.517279 -1.002970 2.090610 246 DSCF4912.JPG

247 -0.982877 0.067922 -0.131684 -0.109537 1.419896 -0.731056 2.374310 247 DSCF4913.JPG

248 0.983082 -0.099942 0.118986 0.096973 1.158602 -0.594901 2.650097 248 DSCF4914.JPG

249 -0.032261 -0.033622 -0.811590 -0.582366 0.688722 -1.975862 1.319262 249 DSCF4915.JPG

250 0.001756 -0.024096 -0.837648 -0.545676 0.728883 -1.772529 1.511000 250 DSCF4916.JPG

251 -0.000858 -0.015062 -0.864736 -0.502001 0.572165 -1.529742 1.757610 251 DSCF4917.JPG

252 -0.034567 -0.007900 -0.879719 -0.474170 0.199836 -1.371039 1.929753 252 DSCF4918.JPG

253 0.044704 -0.011391 0.904247 0.424510 0.009172 -1.038785 2.152106 253 DSCF4919.JPG

254 0.027990 -0.016121 0.922911 0.383655 0.025962 -0.725846 2.300093 254 DSCF4920.JPG

255 -0.002170 0.025256 -0.936939 -0.348573 0.170256 -0.440178 2.389029 255 DSCF4921.JPG

256 0.062054 0.014309 -0.945005 -0.320797 0.645896 -0.159747 2.373218 256 DSCF4922.JPG

257 0.130959 0.004376 -0.944165 -0.302295 1.148799 0.025533 2.246440 257 DSCF4923.JPG

258 -0.166007 0.005875 0.930244 0.327191 1.509530 -0.109767 2.094920 258 DSCF4924.JPG

259 0.173286 -0.003920 -0.901267 -0.397083 1.640007 -0.558432 1.925898 259 DSCF4925.JPG

260 0.181308 0.000391 -0.878272 -0.442453 1.606509 -0.877997 1.772586 260 DSCF4926.JPG

261 -0.210224 -0.001688 0.851646 0.480106 1.524915 -1.154069 1.591148 261 DSCF4927.JPG

262 0.276443 0.055796 -0.794629 -0.537616 1.469419 -2.273563 1.878688 262 DSCF4928.JPG

263 0.292207 0.042957 -0.804804 -0.514840 1.605643 -2.181148 2.079067 263 DSCF4929.JPG

264 0.344272 0.038311 -0.801706 -0.487110 2.002925 -1.975291 2.140667 264 DSCF4930.JPG

265 -0.426960 -0.031436 0.776434 0.462458 2.620041 -1.693514 1.866762 265 DSCF4931.JPG

266 -0.498962 -0.015989 0.750600 0.432875 3.129730 -1.381821 1.534326 266 DSCF4932.JPG

267 0.547526 -0.003870 -0.742029 -0.386772 3.465715 -0.990455 1.344327 267 DSCF4933.JPG

268 -0.570591 0.033652 0.745448 0.342929 3.609495 -0.669452 1.280488 268 DSCF4934.JPG

269 -0.566767 0.079426 0.765405 0.294316 3.593590 -0.409336 1.379039 269 DSCF4935.JPG

270 0.565369 -0.107574 -0.780158 -0.245232 3.586470 -0.086618 1.437255 270 DSCF4936.JPG

271 -0.558712 0.144856 0.788798 0.211318 3.583915 0.056851 1.451047 271 DSCF4937.JPG

272 -0.542210 0.161812 0.806166 0.172976 3.533425 0.327204 1.549073 272 DSCF4938.JPG

273 0.514760 -0.170966 -0.826845 -0.148726 3.415520 0.466026 1.707282 273 DSCF4939.JPG

274 -0.517800 0.138711 0.818905 0.205028 3.317849 0.200332 1.805779 274 DSCF4940.JPG

275 -0.499681 0.096950 0.826910 0.239039 3.155813 0.025633 2.008869 275 DSCF4941.JPG

276 0.474456 -0.065968 -0.840837 -0.252058 2.962499 -0.044873 2.230178 276 DSCF4942.JPG

277 -0.432429 0.052970 0.865882 0.245861 2.667526 0.013800 2.531226 277 DSCF4943.JPG

278 0.388098 -0.057031 -0.890234 -0.231541 2.356559 0.133394 2.788980 278 DSCF4944.JPG

279 -0.357454 0.077103 0.908365 0.202864 2.155697 0.366629 2.923729 279 DSCF4945.JPG

280 -0.346083 0.091138 0.917084 0.175721 2.088370 0.599759 2.948726 280 DSCF4946.JPG

281 -0.367469 0.106217 0.909777 0.161218 2.238412 0.677275 2.774344 281 DSCF4947.JPG

282 0.395019 -0.095633 -0.891113 -0.201823 2.453785 0.331284 2.731186 282 DSCF4948.JPG

283 0.392224 -0.059185 -0.880999 -0.257873 2.393987 -0.110030 2.757216 283 DSCF4949.JPG

284 -0.359807 0.025110 0.875430 0.321761 2.132577 -0.625480 2.809846 284 DSCF4950.JPG

285 0.300340 0.010734 -0.879956 -0.367909 1.686305 -1.024555 2.913375 285 DSCF4951.JPG

286 -0.261547 -0.035841 0.867688 0.421220 1.403676 -1.486641 2.818829 286 DSCF4952.JPG

287 -0.279910 -0.066646 0.830638 0.476706 1.605603 -1.910593 2.438376 287 DSCF4953.JPG

288 -0.337979 -0.086925 0.780053 0.519357 2.104287 -2.128564 1.897410 288 DSCF4954.JPG

289 -0.410395 -0.093682 0.719381 0.552531 2.617557 -2.169056 1.200547 289 DSCF4955.JPG

290 -0.961232 -0.022880 -0.233043 -0.145602 1.415786 -2.119685 3.304553 290 DSCF4956.JPG

291 0.953458 0.006400 0.258209 0.155578 1.786035 -1.986347 3.435008 291 DSCF4957.JPG

292 0.941851 -0.013145 0.294916 0.160527 2.238600 -1.778686 3.487561 292 DSCF4958.JPG

293 -0.934868 0.053411 -0.313361 -0.158030 2.460526 -1.392429 3.650661 293 DSCF4959.JPG

294 0.941219 -0.080499 0.296387 0.140647 2.200728 -1.168074 3.884657 294 DSCF4960.JPG

295 -0.943740 0.118777 -0.279715 -0.130409 1.841740 -0.776174 4.063426 295 DSCF4961.JPG

296 0.937504 -0.151549 0.275968 0.148193 1.677435 -0.387952 4.173276 296 DSCF4962.JPG

297 0.927741 -0.202698 0.261428 0.172814 1.451193 0.143774 4.352240 297 DSCF4963.JPG

298 0.922481 -0.221316 0.262937 0.175817 1.468433 0.371220 4.417848 298 DSCF4964.JPG

299 0.912159 -0.218534 0.311946 0.151322 2.122582 0.408527 4.377972 299 DSCF4965.JPG

300 0.897142 -0.192916 0.367703 0.150710 2.818766 0.236386 4.110420 300 DSCF4966.JPG

301 -0.880914 0.180605 -0.411822 -0.147565 3.299315 0.168275 3.825245 301 DSCF4967.JPG

302 -0.877253 0.148256 -0.426732 -0.162318 3.546696 -0.171192 3.633159 302 DSCF4968.JPG

303 -0.881662 0.099853 -0.423295 -0.183093 3.602476 -0.667894 3.474248 303 DSCF4969.JPG

304 0.887051 -0.049518 0.409450 0.207462 3.563414 -1.150452 3.299645 304 DSCF4970.JPG

305 -0.878722 -0.006138 -0.408945 -0.246116 3.649309 -1.553142 2.900503 305 DSCF4971.JPG

306 -0.867543 -0.048680 -0.412799 -0.273124 3.677798 -1.817137 2.510578 306 DSCF4972.JPG

307 -0.875868 -0.109425 -0.387679 -0.265682 3.472866 -2.449883 2.291082 307 DSCF4973.JPG

308 0.904822 0.144795 0.322236 0.237686 3.082412 -3.065929 2.440793 308 DSCF4974.JPG

309 -0.948046 -0.172885 -0.216078 -0.156938 1.952291 -3.827074 2.820225 309 DSCF4975.JPG

310 -0.979489 -0.140780 -0.113999 -0.088244 0.619470 -3.859374 3.438666 310 DSCF4976.JPG

311 0.989577 0.117719 0.068048 0.047430 -0.128754 -3.761394 3.782937 311 DSCF4977.JPG

