1 PINHOLE 1256 828 1081.817025 1069.594600 628.000000 414.000000
2 PINHOLE 1256 828 1081.472268 1071.574496 628.000000 414.000000
3 PINHOLE 1256 828 1080.687155 1069.317118 628.000000 414.000000
4 PINHOLE 1256 828 1081.286891 1070.956369 628.000000 414.000000
5 PINHOLE 1256 828 1082.227623 1071.286339 628.000000 414.000000
6 PINHOLE 1256 828 1081.595928 1071.829903 628.000000 414.000000
7 PINHOLE 1256 828 1083.344277 1072.128583 628.000000 414.000000
8 PINHOLE 1256 828 1082.223462 1072.410856 628.000000 414.000000
9 PINHOLE 1256 828 1080.733420 1069.119426 628.000000 414.000000
10 PINHOLE 1256 828 1082.342792 1071.895768 628.000000 414.000000
11 PINHOLE 1256 828 1082.011451 1070.533154 628.000000 414.000000
12 PINHOLE 1256 828 1082.555347 1072.105193 628.000000 414.000000
13 PINHOLE 1256 828 1080.353014 1069.324785 628.000000 414.000000
14 PINHOLE 1256 828 1081.655762 1071.933883 628.000000 414.000000
15 PINHOLE 1256 828 1080.846868 1069.493666 628.000000 414.000000
16 PINHOLE 1256 828 1081.363767 1072.274363 628.000000 414.000000
17 PINHOLE 1256 828 1080.152367 1068.710616 628.000000 414.000000
18 PINHOLE 1256 828 1080.871043 1071.925518 628.000000 414.000000
19 PINHOLE 1256 828 1081.450299 1070.935396 628.000000 414.000000
20 PINHOLE 1256 828 1081.464994 1071.966012 628.000000 414.000000
21 PINHOLE 1256 828 1082.208900 1070.672960 628.000000 414.000000
22 PINHOLE 1256 828 1081.828015 1072.887912 628.000000 414.000000
23 PINHOLE 1256 828 1080.540672 1069.524721 628.000000 414.000000
24 PINHOLE 1256 828 1081.546046 1071.106808 628.000000 414.000000
25 PINHOLE 1256 828 1083.385056 1073.114246 628.000000 414.000000
26 PINHOLE 1256 828 1082.654362 1072.952938 628.000000 414.000000
27 PINHOLE 1256 828 1082.542265 1072.278453 628.000000 414.000000
28 PINHOLE 1256 828 1083.098462 1073.926093 628.000000 414.000000
29 PINHOLE 1256 828 1083.411548 1073.348094 628.000000 414.000000
30 PINHOLE 1256 828 1083.222549 1074.128674 628.000000 414.000000
31 PINHOLE 1256 828 1081.980702 1071.191678 628.000000 414.000000
32 PINHOLE 1256 828 1081.130791 1072.002896 628.000000 414.000000
33 PINHOLE 1256 828 1080.248831 1069.119426 628.000000 414.000000
34 PINHOLE 1256 828 1080.999348 1070.756347 628.000000 414.000000
35 PINHOLE 1256 828 1080.005251 1069.106653 628.000000 414.000000
36 PINHOLE 1256 828 1082.316636 1072.732564 628.000000 414.000000
37 PINHOLE 1256 828 1080.789474 1068.530228 628.000000 414.000000
38 PINHOLE 1256 828 1081.624731 1072.950367 628.000000 414.000000
39 PINHOLE 1256 828 1082.858531 1070.928184 628.000000 414.000000
40 PINHOLE 1256 828 1080.127475 1070.175342 628.000000 414.000000
41 PINHOLE 1256 828 1081.420465 1068.904488 628.000000 414.000000
42 PINHOLE 1256 828 1080.512209 1070.722858 628.000000 414.000000
43 PINHOLE 1256 828 1080.605014 1068.195498 628.000000 414.000000
44 PINHOLE 1256 828 1082.232229 1072.485440 628.000000 414.000000
45 PINHOLE 1256 828 1083.670125 1072.235371 628.000000 414.000000
46 PINHOLE 1256 828 1082.548806 1072.969790 628.000000 414.000000
47 PINHOLE 1256 828 1083.867730 1073.608622 628.000000 414.000000
48 PINHOLE 1256 828 1082.429590 1071.841213 628.000000 414.000000
49 PINHOLE 1256 828 1084.456545 1073.461573 628.000000 414.000000
50 PINHOLE 1256 828 1083.118547 1071.827052 628.000000 414.000000
51 PINHOLE 1256 828 1083.464834 1072.254391 628.000000 414.000000
52 PINHOLE 1256 828 1083.282220 1074.294106 628.000000 414.000000
53 PINHOLE 1256 828 1082.978858 1072.773016 628.000000 414.000000
54 PINHOLE 1256 828 1082.470169 1073.493019 628.000000 414.000000
55 PINHOLE 1256 828 1082.595338 1072.460419 628.000000 414.000000
56 PINHOLE 1256 828 1082.701644 1074.879392 628.000000 414.000000
57 PINHOLE 1256 828 1082.347994 1071.585230 628.000000 414.000000
58 PINHOLE 1256 828 1082.499155 1072.581252 628.000000 414.000000
59 PINHOLE 1256 828 1082.425577 1071.168038 628.000000 414.000000
60 PINHOLE 1256 828 1082.373854 1073.183772 628.000000 414.000000
61 PINHOLE 1256 828 1084.538827 1074.301549 628.000000 414.000000
62 PINHOLE 1256 828 1084.569685 1075.865351 628.000000 414.000000
63 PINHOLE 1256 828 1083.066477 1071.982267 628.000000 414.000000
64 PINHOLE 1256 828 1083.312429 1073.175390 628.000000 414.000000
65 PINHOLE 1256 828 1083.997907 1071.720525 628.000000 414.000000
66 PINHOLE 1256 828 1082.883814 1073.385442 628.000000 414.000000
67 PINHOLE 1256 828 1081.964065 1070.802456 628.000000 414.000000
68 PINHOLE 1256 828 1082.099397 1072.225766 628.000000 414.000000
69 PINHOLE 1256 828 1082.486966 1070.858627 628.000000 414.000000
70 PINHOLE 1256 828 1081.947429 1072.880011 628.000000 414.000000
71 PINHOLE 1256 828 1082.176508 1071.355944 628.000000 414.000000
72 PINHOLE 1256 828 1081.598749 1073.158342 628.000000 414.000000
73 PINHOLE 1256 828 1082.868495 1072.735229 628.000000 414.000000
74 PINHOLE 1256 828 1081.604984 1073.095675 628.000000 414.000000
75 PINHOLE 1256 828 1082.224799 1071.622471 628.000000 414.000000
76 PINHOLE 1256 828 1082.404174 1073.231778 628.000000 414.000000
77 PINHOLE 1256 828 1082.698225 1071.444837 628.000000 414.000000
78 PINHOLE 1256 828 1081.436050 1072.275410 628.000000 414.000000
79 PINHOLE 1256 828 1083.661192 1072.178884 628.000000 414.000000
80 PINHOLE 1256 828 1082.574227 1072.421320 628.000000 414.000000
81 PINHOLE 1256 828 1085.199058 1074.678952 628.000000 414.000000
82 PINHOLE 1256 828 1081.784057 1071.412450 628.000000 414.000000
83 PINHOLE 1256 828 1084.787070 1074.616799 628.000000 414.000000
84 PINHOLE 1256 828 1081.001721 1070.824943 628.000000 414.000000
85 PINHOLE 1256 828 1083.165115 1070.373279 628.000000 414.000000
86 PINHOLE 1256 828 1082.105637 1071.766897 628.000000 414.000000
87 PINHOLE 1256 828 1082.618679 1070.431497 628.000000 414.000000
88 PINHOLE 1256 828 1082.287360 1072.342939 628.000000 414.000000
89 PINHOLE 1256 828 1082.849905 1069.955770 628.000000 414.000000
90 PINHOLE 1256 828 1083.152617 1071.571646 628.000000 414.000000
91 PINHOLE 1256 828 1082.373111 1069.000879 628.000000 414.000000
92 PINHOLE 1256 828 1082.542265 1071.260797 628.000000 414.000000
93 PINHOLE 1256 828 1085.445736 1073.817391 628.000000 414.000000
94 PINHOLE 1256 828 1083.108132 1072.279214 628.000000 414.000000
95 PINHOLE 1256 828 1085.501560 1075.649577 628.000000 414.000000
96 PINHOLE 1256 828 1081.772474 1071.838552 628.000000 414.000000
97 PINHOLE 1256 828 1084.346553 1074.152236 628.000000 414.000000
98 PINHOLE 1256 828 1083.015005 1073.378963 628.000000 414.000000
99 PINHOLE 1256 828 1083.590920 1071.953274 628.000000 414.000000
100 PINHOLE 1256 828 1082.123466 1073.234636 628.000000 414.000000
101 PINHOLE 1256 828 1084.693578 1074.463879 628.000000 414.000000
102 PINHOLE 1256 828 1083.382972 1073.234159 628.000000 414.000000
103 PINHOLE 1256 828 1087.792705 1078.197473 628.000000 414.000000
104 PINHOLE 1256 828 1081.762079 1072.299947 628.000000 414.000000
105 PINHOLE 1256 828 1085.682047 1073.792221 628.000000 414.000000
106 PINHOLE 1256 828 1083.545961 1073.401544 628.000000 414.000000
107 PINHOLE 1256 828 1086.265318 1073.994662 628.000000 414.000000
108 PINHOLE 1256 828 1082.100883 1071.509615 628.000000 414.000000
109 PINHOLE 1256 828 1084.613962 1070.864320 628.000000 414.000000
110 PINHOLE 1256 828 1081.060912 1070.869634 628.000000 414.000000
111 PINHOLE 1256 828 1085.890507 1074.834027 628.000000 414.000000
112 PINHOLE 1256 828 1082.708782 1072.363009 628.000000 414.000000
113 PINHOLE 1256 828 1085.541864 1074.749228 628.000000 414.000000
114 PINHOLE 1256 828 1082.397337 1071.925993 628.000000 414.000000
115 PINHOLE 1256 828 1084.674791 1073.007401 628.000000 414.000000
116 PINHOLE 1256 828 1082.819566 1071.756824 628.000000 414.000000
117 PINHOLE 1256 828 1085.139528 1074.212434 628.000000 414.000000
118 PINHOLE 1256 828 1082.694061 1072.434733 628.000000 414.000000
119 PINHOLE 1256 828 1084.792289 1073.217776 628.000000 414.000000
120 PINHOLE 1256 828 1082.966364 1072.353497 628.000000 414.000000
121 PINHOLE 1256 828 1084.157310 1073.873456 628.000000 414.000000
122 PINHOLE 1256 828 1081.772325 1071.839312 628.000000 414.000000
123 PINHOLE 1256 828 1083.814414 1072.811756 628.000000 414.000000
124 PINHOLE 1256 828 1081.532091 1072.685168 628.000000 414.000000
125 PINHOLE 1256 828 1082.282902 1071.089532 628.000000 414.000000
126 PINHOLE 1256 828 1081.306332 1072.705344 628.000000 414.000000
127 PINHOLE 1256 828 1083.507406 1072.305749 628.000000 414.000000
128 PINHOLE 1256 828 1080.214156 1071.162722 628.000000 414.000000
129 PINHOLE 1256 828 1083.395920 1071.560721 628.000000 414.000000
130 PINHOLE 1256 828 1082.868942 1072.937323 628.000000 414.000000
131 PINHOLE 1256 828 1083.702584 1071.641568 628.000000 414.000000
132 PINHOLE 1256 828 1083.482994 1073.090152 628.000000 414.000000
133 PINHOLE 1256 828 1083.923879 1071.438284 628.000000 414.000000
134 PINHOLE 1256 828 1082.342644 1072.487723 628.000000 414.000000
135 PINHOLE 1256 828 1083.455457 1072.940275 628.000000 414.000000
136 PINHOLE 1256 828 1081.634678 1072.696208 628.000000 414.000000
137 PINHOLE 1256 828 1083.318531 1072.770351 628.000000 414.000000
138 PINHOLE 1256 828 1080.886468 1072.033222 628.000000 414.000000
139 PINHOLE 1256 828 1084.786623 1075.084866 628.000000 414.000000
140 PINHOLE 1256 828 1079.471707 1071.498692 628.000000 414.000000
141 PINHOLE 1256 828 1085.066576 1074.995160 628.000000 414.000000
142 PINHOLE 1256 828 1081.151414 1072.454616 628.000000 414.000000
143 PINHOLE 1256 828 1085.987141 1075.167991 628.000000 414.000000
144 PINHOLE 1256 828 1081.000534 1071.929320 628.000000 414.000000
145 PINHOLE 1256 828 1084.846572 1072.414375 628.000000 414.000000
146 PINHOLE 1256 828 1081.022341 1071.434674 628.000000 414.000000
147 PINHOLE 1256 828 1085.434542 1074.245254 628.000000 414.000000
148 PINHOLE 1256 828 1081.349519 1071.601856 628.000000 414.000000
149 PINHOLE 1256 828 1084.884601 1074.478291 628.000000 414.000000
150 PINHOLE 1256 828 1081.382023 1072.118219 628.000000 414.000000
151 PINHOLE 1256 828 1083.749637 1073.862491 628.000000 414.000000
152 PINHOLE 1256 828 1081.816728 1072.735895 628.000000 414.000000
153 PINHOLE 1256 828 1083.948753 1074.161680 628.000000 414.000000
154 PINHOLE 1256 828 1081.226643 1072.735991 628.000000 414.000000
155 PINHOLE 1256 828 1083.359755 1073.465194 628.000000 414.000000
156 PINHOLE 1256 828 1080.010732 1071.291846 628.000000 414.000000
157 PINHOLE 1256 828 1083.696926 1072.840504 628.000000 414.000000
158 PINHOLE 1256 828 1081.175748 1071.749317 628.000000 414.000000
159 PINHOLE 1256 828 1081.604836 1070.667838 628.000000 414.000000
160 PINHOLE 1256 828 1080.591967 1069.621967 628.000000 414.000000
161 PINHOLE 1256 828 1081.461432 1068.459808 628.000000 414.000000
162 PINHOLE 1256 828 1085.575601 1075.411127 628.000000 414.000000
163 PINHOLE 1256 828 1083.680101 1071.731832 628.000000 414.000000
164 PINHOLE 1256 828 1083.637519 1074.337810 628.000000 414.000000
165 PINHOLE 1256 828 1083.878900 1077.262341 628.000000 414.000000
166 PINHOLE 1256 828 1085.019885 1077.519538 628.000000 414.000000
167 PINHOLE 1256 828 1083.736384 1071.040743 628.000000 414.000000
168 PINHOLE 1256 828 1085.565002 1074.237335 628.000000 414.000000
169 PINHOLE 1256 828 1085.274261 1074.762405 628.000000 414.000000
170 PINHOLE 1256 828 1085.785971 1076.920056 628.000000 414.000000
171 PINHOLE 1256 828 1084.448199 1074.889421 628.000000 414.000000
172 PINHOLE 1256 828 1082.973057 1072.659568 628.000000 414.000000
173 PINHOLE 1256 828 1083.779121 1073.930098 628.000000 414.000000