1 -0.028197 -0.008424 0.993586 -0.109187 0.146883 -0.753735 3.163860 1 _DSC9040.JPG

2 -0.024991 -0.007255 0.967248 -0.252495 0.122153 0.053123 3.275335 2 _DSC9041.JPG

3 0.119689 0.020679 0.981497 -0.148021 0.143528 -0.492558 3.201848 3 _DSC9042.JPG

4 0.102094 0.012729 0.956310 -0.273652 0.258821 0.183361 3.268326 4 _DSC9043.JPG

5 0.288120 0.036971 0.946367 -0.141457 0.223769 -0.496838 3.250478 5 _DSC9044.JPG

6 0.307800 0.007936 0.919614 -0.243940 0.104618 0.099420 3.342659 6 _DSC9045.JPG

7 0.453087 0.064794 0.880750 -0.121630 0.135198 -0.551573 3.328093 7 _DSC9046.JPG

8 0.466601 -0.005826 0.854634 -0.227704 0.093163 0.225707 3.447496 8 _DSC9047.JPG

9 0.583562 0.078934 0.799209 -0.120372 0.156554 -0.433559 3.412354 9 _DSC9048.JPG

10 0.571458 0.017496 0.786949 -0.232038 0.289031 0.327661 3.467864 10 _DSC9049.JPG

11 -0.716028 -0.126155 -0.680456 0.091483 0.189185 -0.567299 3.456765 11 _DSC9050.JPG

12 0.733273 0.018069 0.654844 -0.182108 0.143541 0.342060 3.562316 12 _DSC9051.JPG

13 -0.831287 -0.164799 -0.529453 0.038495 0.080435 -0.849211 3.459785 13 _DSC9052.JPG

14 0.836456 0.037937 0.532872 -0.122267 0.220309 0.114578 3.622236 14 _DSC9053.JPG

15 -0.907960 -0.187118 -0.374043 0.026216 0.050545 -0.855823 3.500112 15 _DSC9054.JPG

16 -0.926128 -0.034906 -0.365875 0.084878 0.048561 0.221560 3.661878 16 _DSC9055.JPG

17 0.959465 0.183997 0.212880 -0.015921 0.037676 -0.752786 3.574918 17 _DSC9056.JPG

18 -0.972458 -0.044998 -0.223021 0.050626 0.140236 0.226831 3.717045 18 _DSC9057.JPG

19 0.985091 0.170605 0.022134 -0.000782 -0.027202 -0.632846 3.660566 19 _DSC9058.JPG

20 0.996630 0.041134 0.070793 -0.004950 0.344873 0.238974 3.746667 20 _DSC9059.JPG

21 -0.973761 -0.172465 0.138604 -0.053237 -0.010241 -0.643600 3.758644 21 _DSC9060.JPG

22 0.989209 0.039985 -0.123309 0.068271 0.053339 0.270118 3.869886 22 _DSC9061.JPG

23 -0.930815 -0.173233 0.313371 -0.073295 -0.095596 -0.693484 3.793307 23 _DSC9062.JPG

24 -0.941673 -0.064357 0.315661 -0.097308 -0.184416 0.089917 3.893771 24 _DSC9063.JPG

25 0.873926 0.149758 -0.452071 0.097248 -0.043256 -0.560448 3.662211 25 _DSC9064.JPG

26 0.885488 0.027691 -0.437361 0.154466 -0.058968 0.334961 3.732292 26 _DSC9065.JPG

27 0.791915 0.165067 -0.581284 0.087933 0.122998 -0.787308 3.474766 27 _DSC9066.JPG

28 0.809224 0.048012 -0.561496 0.166056 0.141868 0.128758 3.613347 28 _DSC9067.JPG

29 -0.657710 -0.139372 0.733252 -0.101659 -0.060811 -0.799484 3.527020 29 _DSC9068.JPG

30 0.665821 0.042480 -0.719095 0.194374 -0.117239 0.089550 3.653801 30 _DSC9069.JPG

31 0.502235 0.098002 -0.852331 0.108112 -0.071367 -0.793094 3.643708 31 _DSC9070.JPG

32 0.516593 0.015769 -0.820326 0.244844 -0.024147 0.326054 3.759881 32 _DSC9071.JPG

33 -0.369306 -0.063834 0.917593 -0.132520 0.059159 -0.656652 3.677392 33 _DSC9072.JPG

34 0.393927 0.014839 -0.888566 0.234633 0.211511 0.108176 3.778931 34 _DSC9073.JPG

35 0.252349 0.046382 -0.952039 0.166706 0.262831 -0.424422 3.705231 35 _DSC9074.JPG

36 0.255373 0.000687 -0.912492 0.319597 0.244257 0.710259 3.719167 36 _DSC9075.JPG

37 0.084216 0.014245 -0.994305 0.063735 -0.123790 -0.776155 3.488691 37 _DSC9076.JPG

38 0.111774 -0.026010 -0.939063 0.324022 0.070066 0.940944 3.541149 38 _DSC9077.JPG

39 0.035984 0.018245 0.997083 -0.064789 0.147701 -0.798528 3.560594 39 _DSC9078.JPG

40 -0.029670 0.008551 -0.964894 0.260818 0.241953 0.477769 3.741613 40 _DSC9079.JPG

41 0.187587 0.027791 0.977240 -0.095083 0.133291 -0.574187 3.639960 41 _DSC9080.JPG

42 -0.192883 -0.011546 -0.943296 0.269919 0.103116 0.574425 3.747493 42 _DSC9081.JPG

43 0.341591 0.061099 0.931107 -0.112346 0.051607 -0.354289 3.697776 43 _DSC9082.JPG

44 0.320110 0.022254 0.903078 -0.285454 0.253312 0.777131 3.768450 44 _DSC9083.JPG

45 -0.471092 -0.091437 -0.870203 0.111618 0.237112 -0.404090 3.905308 45 _DSC9084.JPG

46 0.463975 0.012288 0.850415 -0.247732 0.400354 0.642575 4.032640 46 _DSC9085.JPG

47 -0.601506 -0.135339 -0.785357 0.055567 0.177829 -0.649134 3.933536 47 _DSC9086.JPG

48 -0.586471 -0.046857 -0.775424 0.229290 0.471866 0.554063 4.097831 48 _DSC9087.JPG

49 0.706949 0.150784 0.688565 -0.058018 0.042437 -0.665442 4.146771 49 _DSC9088.JPG

50 -0.691890 -0.020722 -0.700431 0.173940 0.425913 0.602432 4.269566 50 _DSC9089.JPG

51 -0.788707 -0.187874 -0.584522 0.031284 0.083730 -0.803872 4.087142 51 _DSC9090.JPG

52 -0.819071 -0.003332 -0.548073 0.169492 -0.027787 0.972565 4.188331 52 _DSC9091.JPG

53 0.870529 0.176712 0.458402 -0.028633 0.083153 -0.552038 4.078329 53 _DSC9092.JPG

54 0.893798 0.019697 0.425913 -0.139053 -0.024430 0.855773 4.192513 54 _DSC9093.JPG

55 -0.925490 -0.179918 -0.332793 0.018624 0.079574 -0.463479 4.096634 55 _DSC9094.JPG

56 -0.934659 0.008403 -0.339337 0.105796 0.285616 1.059292 4.115196 56 _DSC9095.JPG

57 -0.963498 -0.200180 -0.177276 -0.013139 0.170132 -0.491777 4.032694 57 _DSC9096.JPG

58 -0.981268 -0.034819 -0.187802 0.025129 0.302807 0.619431 4.185002 58 _DSC9097.JPG

59 0.977715 0.207468 0.025689 0.019265 0.033431 -0.514502 4.027356 59 _DSC9098.JPG

60 0.998525 0.043339 0.032568 0.002893 0.100460 0.583613 4.194838 60 _DSC9099.JPG

61 -0.972432 -0.195485 0.120027 -0.041897 -0.044739 -0.478665 4.161163 61 _DSC9100.JPG

62 0.990109 0.076436 -0.098873 0.063769 0.084069 0.328983 4.326594 62 _DSC9101.JPG

63 0.943101 0.179053 -0.274063 0.058222 -0.145376 -0.417206 4.170358 63 _DSC9102.JPG

64 -0.959537 -0.087279 0.253231 -0.086862 -0.009845 0.170822 4.362043 64 _DSC9103.JPG

65 0.891767 0.188109 -0.406887 0.061719 -0.061399 -0.531605 3.996222 65 _DSC9104.JPG

66 0.916587 0.048816 -0.378886 0.118032 0.090853 0.507688 4.137330 66 _DSC9105.JPG

67 0.824564 0.161836 -0.535463 0.084757 -0.075398 -0.286454 3.858953 67 _DSC9106.JPG

68 0.846655 0.053629 -0.511181 0.137816 0.053151 0.383389 3.977180 68 _DSC9107.JPG

69 0.732710 0.168016 -0.654661 0.079536 -0.073534 -0.624201 3.829264 69 _DSC9108.JPG

70 0.762853 0.021671 -0.615525 0.196760 0.082684 0.714218 3.924104 70 _DSC9109.JPG

71 -0.636646 -0.115903 0.752957 -0.119598 -0.028810 -0.278905 3.868718 71 _DSC9110.JPG

72 -0.657685 -0.017450 0.717278 -0.229474 0.096538 0.758931 3.901036 72 _DSC9111.JPG

73 -0.519399 -0.091061 0.840837 -0.122167 0.040713 -0.203556 3.877023 73 _DSC9112.JPG

74 0.543884 -0.003758 -0.790122 0.282635 0.205739 1.077054 3.830231 74 _DSC9113.JPG

75 0.392990 0.080956 -0.905951 0.135119 0.031450 -0.295703 4.011367 75 _DSC9114.JPG

76 -0.417555 -0.010342 0.867732 -0.269411 0.184651 0.796903 4.061807 76 _DSC9115.JPG

77 0.276454 0.043890 -0.951298 0.129148 0.095569 -0.298924 3.966206 77 _DSC9116.JPG

78 -0.281305 -0.005457 0.924185 -0.258300 0.118271 0.591099 4.031267 78 _DSC9117.JPG

79 0.136230 0.021514 -0.989640 0.039899 0.013888 -0.717943 4.053326 79 _DSC9118.JPG

80 -0.154722 -0.015625 0.973867 -0.165528 0.160738 0.167126 4.095592 80 _DSC9119.JPG

81 0.005557 0.019702 0.997858 -0.062137 -0.050780 -0.483629 4.104849 81 _DSC9120.JPG

82 0.020856 0.009992 0.989612 -0.141895 -0.157601 0.015804 4.127636 82 _DSC9121.JPG

83 -0.145381 -0.057827 -0.985472 0.066073 0.035313 -0.483633 4.017140 83 _DSC9122.JPG

84 -0.136572 -0.037740 -0.971506 0.190000 0.157022 0.450087 4.006417 84 _DSC9123.JPG

85 0.266991 0.084763 0.958083 -0.060063 0.194046 -0.482064 4.080196 85 _DSC9124.JPG

86 -0.289321 -0.045600 -0.942690 0.159846 0.074404 0.232679 4.073554 86 _DSC9125.JPG

87 -0.395278 -0.118300 -0.909094 0.057516 0.097268 -0.611353 4.039262 87 _DSC9126.JPG

88 -0.422013 -0.050989 -0.886839 0.181167 -0.020290 0.430597 4.064412 88 _DSC9127.JPG

89 0.513075 0.143526 0.845419 -0.037690 0.000010 -0.699852 4.000539 89 _DSC9128.JPG

90 -0.520364 -0.081207 -0.841479 0.120582 0.070099 0.013881 4.048792 90 _DSC9129.JPG

91 -0.626543 -0.175927 -0.758137 0.041496 0.089421 -0.598963 3.967659 91 _DSC9130.JPG

92 0.646422 0.123089 0.746856 -0.095885 0.017025 -0.124266 3.998321 92 _DSC9131.JPG

93 -0.723275 -0.215965 -0.655266 0.029311 0.101694 -0.733368 3.856254 93 _DSC9132.JPG

94 -0.762448 -0.116310 -0.628056 0.103391 -0.092296 0.177963 3.927863 94 _DSC9133.JPG

95 -0.823166 -0.241893 -0.512950 0.027712 -0.006713 -0.739302 3.876630 95 _DSC9134.JPG

96 0.852577 0.154127 0.495914 -0.058538 -0.129377 -0.131920 3.917911 96 _DSC9135.JPG

97 0.884196 0.248481 0.395073 -0.019299 0.047255 -0.704922 3.889410 97 _DSC9136.JPG

98 0.909117 0.175821 0.376706 -0.026183 -0.110293 -0.257461 3.987126 98 _DSC9137.JPG

99 0.933102 0.255136 0.253429 0.000650 0.013257 -0.719287 3.996844 99 _DSC9138.JPG

100 -0.956947 -0.165722 -0.237722 0.016646 -0.094090 -0.091252 4.073627 100 _DSC9139.JPG

101 0.961110 0.266706 0.071637 0.002029 -0.101869 -0.729094 3.919872 101 _DSC9140.JPG

102 -0.979730 -0.191287 -0.058108 -0.012724 -0.205432 -0.288373 3.945865 102 _DSC9141.JPG

103 0.959848 0.272022 -0.068201 0.006672 -0.016434 -0.698694 3.848581 103 _DSC9142.JPG

104 -0.986791 -0.133201 0.087992 -0.027545 -0.191024 0.241047 3.901374 104 _DSC9143.JPG

105 -0.940879 -0.251511 0.225609 -0.024280 -0.041549 -0.592979 3.754616 105 _DSC9144.JPG

106 0.949176 0.156725 -0.261885 0.076930 -0.374884 0.013375 3.782358 106 _DSC9145.JPG

107 -0.887335 -0.239935 0.393332 -0.018924 -0.120480 -0.672183 3.675589 107 _DSC9146.JPG

108 0.902589 0.125668 -0.404039 0.079333 -0.262372 0.137103 3.743199 108 _DSC9147.JPG

109 -0.826792 -0.228445 0.513521 -0.022904 0.019916 -0.677652 3.690797 109 _DSC9148.JPG

110 -0.835698 -0.120868 0.525068 -0.106315 -0.162754 0.161784 3.745737 110 _DSC9149.JPG

111 0.728110 0.197359 -0.656091 0.021213 -0.093302 -0.714814 3.711736 111 _DSC9150.JPG

112 0.718557 0.141432 -0.674289 0.094900 -0.345536 -0.217142 3.737295 112 _DSC9151.JPG

113 0.627064 0.172960 -0.758982 0.028683 -0.022268 -0.716793 3.747991 113 _DSC9152.JPG

114 0.602801 0.111407 -0.783675 0.100363 -0.383104 -0.201999 3.786283 114 _DSC9153.JPG

115 0.503672 0.138901 -0.852602 0.009524 -0.060804 -0.842178 3.709608 115 _DSC9154.JPG

116 0.466082 0.080246 -0.872650 0.121696 -0.480378 -0.111349 3.746514 116 _DSC9155.JPG

117 -0.379039 -0.098819 0.919870 -0.020077 0.003698 -0.828332 3.733298 117 _DSC9156.JPG

118 -0.366512 -0.050659 0.917874 -0.143564 -0.170787 0.031853 3.832657 118 _DSC9157.JPG

119 -0.252876 -0.042636 0.965857 -0.036827 0.012863 -0.639400 3.767183 119 _DSC9158.JPG

120 -0.228318 -0.047305 0.967605 -0.096818 -0.152238 -0.380277 3.785043 120 _DSC9159.JPG

121 -0.134693 -0.019477 0.990694 0.002217 0.067434 -0.678486 3.670681 121 _DSC9160.JPG

122 -0.127572 0.012723 0.966430 -0.222657 -0.000687 0.841037 3.683762 122 _DSC9161.JPG

123 0.031408 0.029786 0.998984 -0.012511 -0.022119 -0.579497 3.776833 123 _DSC9162.JPG

124 0.006013 0.015083 0.967626 -0.251864 0.250807 1.101584 3.690274 124 _DSC9163.JPG

125 0.157758 0.080092 0.984188 -0.008409 0.142076 -0.649652 3.736630 125 _DSC9164.JPG

126 0.189489 0.035935 0.955672 -0.222472 0.012835 0.835463 3.709811 126 _DSC9165.JPG

127 -0.319123 -0.124094 -0.938707 0.039888 0.051978 -0.412797 3.747333 127 _DSC9166.JPG

128 -0.330076 -0.054666 -0.916134 0.220814 0.096502 0.876098 3.691510 128 _DSC9167.JPG

129 -0.443834 -0.146973 -0.883271 0.035260 0.198538 -0.426425 3.671794 129 _DSC9168.JPG

130 -0.469986 -0.045716 -0.851851 0.226655 0.150439 1.082801 3.605538 130 _DSC9169.JPG

131 0.573699 0.193191 0.795893 -0.010057 0.261958 -0.592456 3.584098 131 _DSC9170.JPG

132 -0.594808 -0.056186 -0.778355 0.192900 0.334846 0.910725 3.543172 132 _DSC9171.JPG

133 -0.710755 -0.235118 -0.662977 0.002889 0.154337 -0.625018 3.711188 133 _DSC9172.JPG

134 -0.738374 -0.073880 -0.651873 0.156232 0.248676 0.873792 3.680063 134 _DSC9173.JPG

135 0.811782 0.263547 0.521001 0.010515 0.107650 -0.719986 3.728330 135 _DSC9174.JPG

136 0.840625 0.087514 0.519736 -0.124763 0.244513 0.820275 3.747428 136 _DSC9175.JPG

137 0.878869 0.269822 0.393412 0.003381 0.091187 -0.612034 3.830789 137 _DSC9176.JPG

138 -0.915642 -0.108294 -0.376765 0.089001 0.048907 0.673147 3.827023 138 _DSC9177.JPG

139 0.925623 0.303254 0.226345 -0.005270 0.041890 -0.700264 3.708396 139 _DSC9178.JPG

140 0.966377 0.096894 0.230332 -0.060619 0.129362 0.793441 3.711100 140 _DSC9179.JPG

141 -0.959577 -0.277500 -0.046972 0.000067 -0.037546 -0.487165 3.836465 141 _DSC9180.JPG

142 0.998818 0.010666 0.045862 -0.012108 -0.038881 1.413310 3.600791 142 _DSC9181.JPG

143 -0.949838 -0.284989 0.128540 -0.008211 -0.044998 -0.534030 3.758518 143 _DSC9182.JPG

144 -0.989855 -0.055085 0.127641 -0.029332 -0.066498 1.057083 3.654601 144 _DSC9183.JPG

145 0.908181 0.295438 -0.296422 0.007649 -0.041175 -0.700598 3.695254 145 _DSC9184.JPG

146 -0.954934 -0.070331 0.279031 -0.072777 0.038728 0.919236 3.674529 146 _DSC9185.JPG

147 -0.860209 -0.252820 0.442166 -0.024753 -0.026096 -0.510633 3.757837 147 _DSC9186.JPG

148 0.897875 0.034788 -0.418923 0.130819 0.020552 1.221263 3.635672 148 _DSC9187.JPG

149 0.772276 0.223611 -0.594554 0.009709 -0.013084 -0.531361 3.678137 149 _DSC9188.JPG

150 0.802825 0.068961 -0.574724 0.142859 0.001410 0.883310 3.613051 150 _DSC9189.JPG

151 0.639111 0.194467 -0.744076 0.008417 -0.080249 -0.619797 3.774417 151 _DSC9190.JPG

152 -0.675461 -0.033148 0.715613 -0.174793 0.006618 1.011684 3.696897 152 _DSC9191.JPG

153 0.498363 0.137969 -0.855561 0.024796 -0.063749 -0.469256 3.849633 153 _DSC9192.JPG

154 -0.525370 -0.000054 0.819105 -0.230331 0.005184 1.301923 3.674035 154 _DSC9193.JPG

155 0.370984 0.087052 -0.924363 0.018595 0.129682 -0.499580 3.819412 155 _DSC9194.JPG

156 -0.384613 -0.001892 0.890742 -0.242173 0.152333 1.218752 3.684355 156 _DSC9195.JPG

157 -0.224394 -0.054941 0.972642 -0.024402 0.137794 -0.482025 3.875193 157 _DSC9196.JPG

158 0.235727 -0.004531 -0.937675 0.255300 0.172743 1.190024 3.700381 158 _DSC9197.JPG

159 0.055161 0.011951 -0.998149 -0.022639 -0.004533 -0.529714 3.063234 159 _DSC9198.JPG

160 -0.123861 -0.053363 -0.990365 -0.031447 0.055369 -0.582366 2.929163 160 _DSC9199.JPG

161 -0.311490 -0.118472 -0.942771 -0.011008 0.124577 -0.456648 2.935873 161 _DSC9200.JPG

162 -0.504995 -0.176404 -0.844763 0.015426 0.094136 -0.341161 2.958416 162 _DSC9201.JPG

163 0.651525 0.232145 0.722113 0.013337 0.242444 -0.524430 2.988888 163 _DSC9202.JPG

164 0.808206 0.247279 0.534395 -0.008858 0.080465 -0.292174 3.118765 164 _DSC9203.JPG

165 0.902216 0.258002 0.345362 -0.012924 0.132073 -0.231519 3.205850 165 _DSC9204.JPG

166 0.954138 0.273327 0.122035 0.004528 0.068040 -0.261438 3.159184 166 _DSC9205.JPG

167 -0.948012 -0.297331 0.112777 -0.012237 -0.045524 -0.417329 3.121187 167 _DSC9206.JPG

168 0.906376 0.280818 -0.315268 0.015204 -0.035845 -0.355714 3.029836 168 _DSC9207.JPG

169 0.810861 0.229105 -0.538158 0.020023 -0.138245 -0.170884 2.953643 169 _DSC9208.JPG

170 0.681257 0.208893 -0.701582 0.005991 0.005073 -0.329592 2.940477 170 _DSC9209.JPG

171 -0.528442 -0.157427 0.834243 -0.001920 0.021528 -0.359341 2.908561 171 _DSC9210.JPG

172 0.349202 0.098200 -0.931881 -0.003633 0.039457 -0.375693 2.820498 172 _DSC9211.JPG

173 -0.166277 -0.035064 0.985454 -0.001843 0.008288 -0.310158 2.840063 173 _DSC9212.JPG

