1 PINHOLE 1599 889 947.919670 953.776867 799.500000 444.500000
2 PINHOLE 1599 889 947.390650 950.121597 799.500000 444.500000
3 PINHOLE 1599 889 947.327526 951.655288 799.500000 444.500000
4 PINHOLE 1599 889 947.204842 950.721899 799.500000 444.500000
5 PINHOLE 1599 889 946.729631 950.567723 799.500000 444.500000
6 PINHOLE 1599 889 945.308297 948.790872 799.500000 444.500000
7 PINHOLE 1599 889 945.716703 950.008146 799.500000 444.500000
8 PINHOLE 1599 889 946.906743 950.740287 799.500000 444.500000
9 PINHOLE 1599 889 946.675601 949.783080 799.500000 444.500000
10 PINHOLE 1599 889 946.170385 949.286137 799.500000 444.500000
11 PINHOLE 1599 889 945.767925 947.887071 799.500000 444.500000
12 PINHOLE 1599 889 947.019763 947.838498 799.500000 444.500000
13 PINHOLE 1599 889 946.183312 950.089433 799.500000 444.500000
14 PINHOLE 1599 889 947.612027 954.284809 799.500000 444.500000
15 PINHOLE 1599 889 945.901256 954.151746 799.500000 444.500000
16 PINHOLE 1599 889 948.394776 951.502564 799.500000 444.500000
17 PINHOLE 1599 889 952.995286 956.796504 799.500000 444.500000
18 PINHOLE 1599 889 944.803818 946.735706 799.500000 444.500000
19 PINHOLE 1599 889 941.826869 945.731943 799.500000 444.500000
20 PINHOLE 1599 889 940.877095 944.205319 799.500000 444.500000
21 PINHOLE 1599 889 947.882068 945.884468 799.500000 444.500000
22 PINHOLE 1599 889 942.741531 943.828070 799.500000 444.500000
23 PINHOLE 1599 889 942.296708 946.390442 799.500000 444.500000
24 PINHOLE 1599 889 942.250372 947.471352 799.500000 444.500000
25 PINHOLE 1599 889 946.466153 952.010665 799.500000 444.500000
26 PINHOLE 1599 889 949.607711 955.222911 799.500000 444.500000
27 PINHOLE 1599 889 956.717087 958.904991 799.500000 444.500000
28 PINHOLE 1599 889 955.286036 957.415033 799.500000 444.500000
29 PINHOLE 1599 889 944.137372 947.458868 799.500000 444.500000
30 PINHOLE 1599 889 938.581071 942.841077 799.500000 444.500000
31 PINHOLE 1599 889 949.915193 952.901878 799.500000 444.500000
32 PINHOLE 1599 889 941.733684 944.206415 799.500000 444.500000
33 PINHOLE 1599 889 950.784380 952.123102 799.500000 444.500000
34 PINHOLE 1599 889 946.900217 949.141328 799.500000 444.500000
35 PINHOLE 1599 889 942.366274 945.954997 799.500000 444.500000
36 PINHOLE 1599 889 952.596115 953.811760 799.500000 444.500000
37 PINHOLE 1599 889 950.407338 952.634266 799.500000 444.500000
38 PINHOLE 1599 889 945.120223 947.314662 799.500000 444.500000
39 PINHOLE 1599 889 942.714192 945.335549 799.500000 444.500000
40 PINHOLE 1599 889 946.230903 948.519340 799.500000 444.500000
41 PINHOLE 1599 889 951.803084 950.188881 799.500000 444.500000
42 PINHOLE 1599 889 947.391796 950.780907 799.500000 444.500000
43 PINHOLE 1599 889 947.606411 951.654326 799.500000 444.500000
44 PINHOLE 1599 889 949.168292 953.504177 799.500000 444.500000
45 PINHOLE 1599 889 949.538325 953.431239 799.500000 444.500000
46 PINHOLE 1599 889 946.474964 950.921399 799.500000 444.500000
47 PINHOLE 1599 889 946.655455 951.101311 799.500000 444.500000
48 PINHOLE 1599 889 946.485035 949.157973 799.500000 444.500000
49 PINHOLE 1599 889 946.924377 949.677289 799.500000 444.500000
50 PINHOLE 1599 889 945.023004 946.888790 799.500000 444.500000
51 PINHOLE 1599 889 947.310456 951.291036 799.500000 444.500000
52 PINHOLE 1599 889 944.498838 946.375197 799.500000 444.500000
53 PINHOLE 1599 889 950.468863 950.482456 799.500000 444.500000
54 PINHOLE 1599 889 948.070096 950.075786 799.500000 444.500000
55 PINHOLE 1599 889 950.033690 951.814637 799.500000 444.500000
56 PINHOLE 1599 889 944.804960 948.942440 799.500000 444.500000
57 PINHOLE 1599 889 944.773097 950.783935 799.500000 444.500000
58 PINHOLE 1599 889 948.587971 951.636574 799.500000 444.500000
59 PINHOLE 1599 889 944.539023 950.361702 799.500000 444.500000
60 PINHOLE 1599 889 950.236933 952.445582 799.500000 444.500000
61 PINHOLE 1599 889 949.211924 951.517206 799.500000 444.500000
62 PINHOLE 1599 889 945.440980 950.373437 799.500000 444.500000
63 PINHOLE 1599 889 947.622226 951.052984 799.500000 444.500000
64 PINHOLE 1599 889 943.998512 947.160731 799.500000 444.500000
65 PINHOLE 1599 889 948.181787 953.171689 799.500000 444.500000
66 PINHOLE 1599 889 947.965185 952.275101 799.500000 444.500000
67 PINHOLE 1599 889 948.433778 951.143434 799.500000 444.500000
68 PINHOLE 1599 889 949.716167 947.530984 799.500000 444.500000
69 PINHOLE 1599 889 948.304045 952.974972 799.500000 444.500000
70 PINHOLE 1599 889 946.455853 955.178110 799.500000 444.500000
71 PINHOLE 1599 889 946.651334 950.961514 799.500000 444.500000
72 PINHOLE 1599 889 945.683090 949.634756 799.500000 444.500000
73 PINHOLE 1599 889 946.986439 949.382058 799.500000 444.500000
74 PINHOLE 1599 889 948.254727 951.887002 799.500000 444.500000
75 PINHOLE 1599 889 945.696466 944.552347 799.500000 444.500000
76 PINHOLE 1599 889 945.448067 946.861574 799.500000 444.500000
77 PINHOLE 1599 889 947.797355 949.875544 799.500000 444.500000
78 PINHOLE 1599 889 946.802097 949.460899 799.500000 444.500000
79 PINHOLE 1599 889 944.953324 952.480766 799.500000 444.500000
80 PINHOLE 1599 889 948.255759 950.084564 799.500000 444.500000
81 PINHOLE 1599 889 947.983988 951.908092 799.500000 444.500000
82 PINHOLE 1599 889 950.049552 951.738064 799.500000 444.500000
83 PINHOLE 1599 889 945.267502 947.610455 799.500000 444.500000
84 PINHOLE 1599 889 945.518132 949.613602 799.500000 444.500000
85 PINHOLE 1599 889 946.695862 951.458936 799.500000 444.500000
86 PINHOLE 1599 889 945.961067 945.677620 799.500000 444.500000
87 PINHOLE 1599 889 947.275288 942.210555 799.500000 444.500000
88 PINHOLE 1599 889 948.262640 947.958286 799.500000 444.500000
89 PINHOLE 1599 889 948.353137 945.593730 799.500000 444.500000
90 PINHOLE 1599 889 945.601578 946.024215 799.500000 444.500000
91 PINHOLE 1599 889 944.673522 947.424429 799.500000 444.500000
92 PINHOLE 1599 889 949.710996 959.690137 799.500000 444.500000
93 PINHOLE 1599 889 946.833009 955.363366 799.500000 444.500000
94 PINHOLE 1599 889 944.849272 953.360906 799.500000 444.500000
95 PINHOLE 1599 889 946.614478 956.086276 799.500000 444.500000
96 PINHOLE 1599 889 944.741465 948.128750 799.500000 444.500000
97 PINHOLE 1599 889 943.473184 945.806187 799.500000 444.500000
98 PINHOLE 1599 889 945.356294 948.703070 799.500000 444.500000
99 PINHOLE 1599 889 948.562385 951.541610 799.500000 444.500000
100 PINHOLE 1599 889 944.094240 947.544571 799.500000 444.500000
101 PINHOLE 1599 889 947.327526 950.182388 799.500000 444.500000
102 PINHOLE 1599 889 948.724979 950.462156 799.500000 444.500000
103 PINHOLE 1599 889 949.208480 950.736447 799.500000 444.500000
104 PINHOLE 1599 889 946.735813 947.256814 799.500000 444.500000
105 PINHOLE 1599 889 947.794948 949.012385 799.500000 444.500000
106 PINHOLE 1599 889 949.503405 951.132349 799.500000 444.500000
107 PINHOLE 1599 889 947.429719 951.261838 799.500000 444.500000
108 PINHOLE 1599 889 946.828200 951.693161 799.500000 444.500000
109 PINHOLE 1599 889 946.240970 948.203303 799.500000 444.500000
110 PINHOLE 1599 889 945.970674 949.816186 799.500000 444.500000
111 PINHOLE 1599 889 947.508664 951.050324 799.500000 444.500000
112 PINHOLE 1599 889 946.061487 948.158159 799.500000 444.500000
113 PINHOLE 1599 889 947.108747 950.764216 799.500000 444.500000
114 PINHOLE 1599 889 945.787020 948.112650 799.500000 444.500000
115 PINHOLE 1599 889 946.260420 953.175990 799.500000 444.500000
116 PINHOLE 1599 889 945.823496 952.253405 799.500000 444.500000
117 PINHOLE 1599 889 945.320524 948.646260 799.500000 444.500000
118 PINHOLE 1599 889 946.532987 949.086463 799.500000 444.500000
119 PINHOLE 1599 889 946.814233 949.015478 799.500000 444.500000
120 PINHOLE 1599 889 946.816523 949.676625 799.500000 444.500000
121 PINHOLE 1599 889 949.017203 952.011035 799.500000 444.500000
122 PINHOLE 1599 889 946.775194 949.965737 799.500000 444.500000
123 PINHOLE 1599 889 946.762715 950.433443 799.500000 444.500000
124 PINHOLE 1599 889 945.996178 949.067685 799.500000 444.500000
125 PINHOLE 1599 889 945.973876 948.005032 799.500000 444.500000
126 PINHOLE 1599 889 949.068749 953.019678 799.500000 444.500000
127 PINHOLE 1599 889 945.994120 948.672530 799.500000 444.500000
128 PINHOLE 1599 889 946.071667 949.559060 799.500000 444.500000
129 PINHOLE 1599 889 948.541389 952.991801 799.500000 444.500000
130 PINHOLE 1599 889 948.015632 952.941834 799.500000 444.500000
131 PINHOLE 1599 889 947.037513 951.661501 799.500000 444.500000
132 PINHOLE 1599 889 946.578882 950.473524 799.500000 444.500000
133 PINHOLE 1599 889 946.711659 950.617412 799.500000 444.500000
134 PINHOLE 1599 889 947.400618 951.095843 799.500000 444.500000
135 PINHOLE 1599 889 946.967316 951.451468 799.500000 444.500000
136 PINHOLE 1599 889 947.373694 951.680068 799.500000 444.500000
137 PINHOLE 1599 889 947.549228 951.639829 799.500000 444.500000
138 PINHOLE 1599 889 945.592090 951.303455 799.500000 444.500000
139 PINHOLE 1599 889 947.560000 952.114811 799.500000 444.500000
140 PINHOLE 1599 889 946.434568 950.779356 799.500000 444.500000
141 PINHOLE 1599 889 946.045703 950.815768 799.500000 444.500000
142 PINHOLE 1599 889 945.506016 950.616452 799.500000 444.500000
143 PINHOLE 1599 889 946.788359 951.084758 799.500000 444.500000
144 PINHOLE 1599 889 946.677203 951.094143 799.500000 444.500000
145 PINHOLE 1599 889 945.936136 950.757938 799.500000 444.500000
146 PINHOLE 1599 889 946.361678 951.193985 799.500000 444.500000
147 PINHOLE 1599 889 946.835642 949.566283 799.500000 444.500000
148 PINHOLE 1599 889 946.464322 949.597755 799.500000 444.500000
149 PINHOLE 1599 889 947.884361 951.965149 799.500000 444.500000
150 PINHOLE 1599 889 948.232592 952.343154 799.500000 444.500000
151 PINHOLE 1599 889 950.864458 954.173884 799.500000 444.500000
152 PINHOLE 1599 889 951.386538 954.596450 799.500000 444.500000
153 PINHOLE 1599 889 949.912895 953.122893 799.500000 444.500000
154 PINHOLE 1599 889 947.497321 951.081950 799.500000 444.500000
155 PINHOLE 1599 889 947.992472 952.133392 799.500000 444.500000
156 PINHOLE 1599 889 947.663025 951.155332 799.500000 444.500000
157 PINHOLE 1599 889 948.144975 953.497647 799.500000 444.500000
158 PINHOLE 1599 889 948.772834 953.342879 799.500000 444.500000
159 PINHOLE 1599 889 948.891394 953.902047 799.500000 444.500000
160 PINHOLE 1599 889 945.151527 951.004883 799.500000 444.500000
161 PINHOLE 1599 889 946.500943 952.494396 799.500000 444.500000
162 PINHOLE 1599 889 946.019854 951.822628 799.500000 444.500000
163 PINHOLE 1599 889 945.659538 950.083236 799.500000 444.500000
164 PINHOLE 1599 889 946.150938 951.233233 799.500000 444.500000
165 PINHOLE 1599 889 945.861689 950.376684 799.500000 444.500000
166 PINHOLE 1599 889 945.674286 950.356019 799.500000 444.500000
167 PINHOLE 1599 889 945.898854 950.195817 799.500000 444.500000
168 PINHOLE 1599 889 946.241542 950.334026 799.500000 444.500000
169 PINHOLE 1599 889 946.583117 950.383400 799.500000 444.500000
170 PINHOLE 1599 889 946.991936 949.229933 799.500000 444.500000
171 PINHOLE 1599 889 947.178154 948.233230 799.500000 444.500000
172 PINHOLE 1599 889 945.006897 947.060261 799.500000 444.500000
173 PINHOLE 1599 889 944.423723 950.935509 799.500000 444.500000
174 PINHOLE 1599 889 947.076679 957.897081 799.500000 444.500000
175 PINHOLE 1599 889 945.606265 953.485478 799.500000 444.500000
176 PINHOLE 1599 889 943.013601 945.682012 799.500000 444.500000
177 PINHOLE 1599 889 943.471930 947.247565 799.500000 444.500000
178 PINHOLE 1599 889 945.801770 949.388689 799.500000 444.500000
179 PINHOLE 1599 889 948.086837 948.087581 799.500000 444.500000
180 PINHOLE 1599 889 941.291802 940.269380 799.500000 444.500000
181 PINHOLE 1599 889 947.441177 947.906766 799.500000 444.500000
182 PINHOLE 1599 889 941.382206 946.260426 799.500000 444.500000
183 PINHOLE 1599 889 942.673528 947.749959 799.500000 444.500000
184 PINHOLE 1599 889 945.339951 953.132311 799.500000 444.500000
185 PINHOLE 1599 889 956.082246 958.941841 799.500000 444.500000
186 PINHOLE 1599 889 952.329572 954.743743 799.500000 444.500000
187 PINHOLE 1599 889 955.539085 956.361076 799.500000 444.500000
188 PINHOLE 1599 889 948.397299 946.566678 799.500000 444.500000
189 PINHOLE 1599 889 953.968028 951.876938 799.500000 444.500000
190 PINHOLE 1599 889 951.192790 952.506840 799.500000 444.500000
191 PINHOLE 1599 889 950.333285 952.563882 799.500000 444.500000
192 PINHOLE 1599 889 951.251612 954.561583 799.500000 444.500000
193 PINHOLE 1599 889 946.411224 948.910047 799.500000 444.500000
194 PINHOLE 1599 889 946.555305 949.125568 799.500000 444.500000
195 PINHOLE 1599 889 948.379290 953.957370 799.500000 444.500000
196 PINHOLE 1599 889 945.882387 950.814734 799.500000 444.500000
197 PINHOLE 1599 889 947.940650 956.856357 799.500000 444.500000
198 PINHOLE 1599 889 947.273341 950.511541 799.500000 444.500000
199 PINHOLE 1599 889 944.914374 942.768889 799.500000 444.500000
200 PINHOLE 1599 889 947.630477 944.656693 799.500000 444.500000
201 PINHOLE 1599 889 948.670701 949.008704 799.500000 444.500000
202 PINHOLE 1599 889 946.966973 944.314788 799.500000 444.500000
203 PINHOLE 1599 889 948.566056 950.724188 799.500000 444.500000
204 PINHOLE 1599 889 949.324462 949.687093 799.500000 444.500000
205 PINHOLE 1599 889 949.386938 951.830471 799.500000 444.500000
206 PINHOLE 1599 889 948.370916 952.310793 799.500000 444.500000
207 PINHOLE 1599 889 947.880578 950.900197 799.500000 444.500000
208 PINHOLE 1599 889 947.194877 950.302294 799.500000 444.500000
209 PINHOLE 1599 889 951.451361 955.532002 799.500000 444.500000
210 PINHOLE 1599 889 944.444841 951.007838 799.500000 444.500000
211 PINHOLE 1599 889 948.776392 956.616534 799.500000 444.500000
212 PINHOLE 1599 889 947.282505 952.629450 799.500000 444.500000
213 PINHOLE 1599 889 948.876587 952.424917 799.500000 444.500000
214 PINHOLE 1599 889 945.650393 951.908758 799.500000 444.500000
215 PINHOLE 1599 889 946.293370 949.532455 799.500000 444.500000
216 PINHOLE 1599 889 946.287192 948.271836 799.500000 444.500000
217 PINHOLE 1599 889 946.244746 948.415986 799.500000 444.500000
218 PINHOLE 1599 889 945.659538 949.785735 799.500000 444.500000
219 PINHOLE 1599 889 945.820980 948.849168 799.500000 444.500000
220 PINHOLE 1599 889 946.397836 948.945900 799.500000 444.500000
221 PINHOLE 1599 889 947.564125 948.432683 799.500000 444.500000
222 PINHOLE 1599 889 948.315400 950.760006 799.500000 444.500000
223 PINHOLE 1599 889 948.814954 951.819446 799.500000 444.500000
224 PINHOLE 1599 889 948.927091 952.559585 799.500000 444.500000
225 PINHOLE 1599 889 948.216192 949.997599 799.500000 444.500000
226 PINHOLE 1599 889 947.241611 944.883133 799.500000 444.500000
227 PINHOLE 1599 889 942.892480 948.216980 799.500000 444.500000
228 PINHOLE 1599 889 945.932018 954.643883 799.500000 444.500000
229 PINHOLE 1599 889 946.827284 954.278865 799.500000 444.500000
230 PINHOLE 1599 889 945.158954 951.114686 799.500000 444.500000
231 PINHOLE 1599 889 937.490667 944.716547 799.500000 444.500000
232 PINHOLE 1599 889 950.197959 947.965121 799.500000 444.500000
233 PINHOLE 1599 889 936.170740 940.757526 799.500000 444.500000
234 PINHOLE 1599 889 936.970898 940.803402 799.500000 444.500000
235 PINHOLE 1599 889 937.474596 941.115701 799.500000 444.500000
236 PINHOLE 1599 889 944.735298 949.336674 799.500000 444.500000
237 PINHOLE 1599 889 941.020309 946.509271 799.500000 444.500000
238 PINHOLE 1599 889 939.759537 945.809335 799.500000 444.500000
239 PINHOLE 1599 889 942.228514 947.347186 799.500000 444.500000
240 PINHOLE 1599 889 947.149749 951.486074 799.500000 444.500000
241 PINHOLE 1599 889 944.884678 950.194120 799.500000 444.500000
242 PINHOLE 1599 889 947.340929 950.581307 799.500000 444.500000
243 PINHOLE 1599 889 954.282366 954.045451 799.500000 444.500000
244 PINHOLE 1599 889 947.017816 947.469883 799.500000 444.500000
245 PINHOLE 1599 889 960.907645 961.042336 799.500000 444.500000
246 PINHOLE 1599 889 946.372662 956.140391 799.500000 444.500000
247 PINHOLE 1599 889 952.649734 953.174211 799.500000 444.500000
248 PINHOLE 1599 889 958.050130 956.426105 799.500000 444.500000
249 PINHOLE 1599 889 951.043165 950.933145 799.500000 444.500000
250 PINHOLE 1599 889 954.984724 952.646640 799.500000 444.500000
251 PINHOLE 1599 889 942.760099 946.785727 799.500000 444.500000
252 PINHOLE 1599 889 949.577153 953.199426 799.500000 444.500000
253 PINHOLE 1599 889 944.999015 949.102664 799.500000 444.500000
254 PINHOLE 1599 889 949.138324 952.376480 799.500000 444.500000
255 PINHOLE 1599 889 950.375140 950.584039 799.500000 444.500000
256 PINHOLE 1599 889 942.935548 945.480652 799.500000 444.500000
257 PINHOLE 1599 889 946.313164 949.705670 799.500000 444.500000
258 PINHOLE 1599 889 946.356300 949.446899 799.500000 444.500000
259 PINHOLE 1599 889 948.577530 951.020547 799.500000 444.500000
260 PINHOLE 1599 889 951.487056 952.288133 799.500000 444.500000
261 PINHOLE 1599 889 947.157881 950.943266 799.500000 444.500000
262 PINHOLE 1599 889 945.039339 947.034064 799.500000 444.500000
263 PINHOLE 1599 889 945.290699 946.676155 799.500000 444.500000
264 PINHOLE 1599 889 952.832065 952.840133 799.500000 444.500000
265 PINHOLE 1599 889 946.859571 951.911718 799.500000 444.500000
266 PINHOLE 1599 889 950.713513 961.096312 799.500000 444.500000
267 PINHOLE 1599 889 946.697922 952.046489 799.500000 444.500000
268 PINHOLE 1599 889 945.987715 952.298722 799.500000 444.500000
269 PINHOLE 1599 889 945.179291 949.103990 799.500000 444.500000
270 PINHOLE 1599 889 946.039069 949.804757 799.500000 444.500000
271 PINHOLE 1599 889 947.311831 948.824804 799.500000 444.500000
272 PINHOLE 1599 889 950.007369 949.557144 799.500000 444.500000
273 PINHOLE 1599 889 948.869356 947.402694 799.500000 444.500000
274 PINHOLE 1599 889 950.238198 951.614533 799.500000 444.500000
275 PINHOLE 1599 889 949.466418 947.354528 799.500000 444.500000
276 PINHOLE 1599 889 949.374419 952.579736 799.500000 444.500000
277 PINHOLE 1599 889 946.325864 951.998157 799.500000 444.500000
278 PINHOLE 1599 889 944.734271 955.108161 799.500000 444.500000
279 PINHOLE 1599 889 943.870742 950.578059 799.500000 444.500000
280 PINHOLE 1599 889 945.532192 950.943783 799.500000 444.500000
281 PINHOLE 1599 889 945.732023 948.081994 799.500000 444.500000
282 PINHOLE 1599 889 945.346123 946.314657 799.500000 444.500000
283 PINHOLE 1599 889 946.839649 950.847455 799.500000 444.500000
284 PINHOLE 1599 889 947.481394 949.549553 799.500000 444.500000
285 PINHOLE 1599 889 947.374726 949.211371 799.500000 444.500000
286 PINHOLE 1599 889 947.989950 951.184525 799.500000 444.500000
287 PINHOLE 1599 889 946.764204 950.262298 799.500000 444.500000
288 PINHOLE 1599 889 946.995028 949.914555 799.500000 444.500000
289 PINHOLE 1599 889 945.196316 950.362883 799.500000 444.500000
290 PINHOLE 1599 889 946.646870 950.995352 799.500000 444.500000
291 PINHOLE 1599 889 948.619869 953.639541 799.500000 444.500000
292 PINHOLE 1599 889 948.026525 953.497869 799.500000 444.500000
293 PINHOLE 1599 889 947.147000 949.255493 799.500000 444.500000
294 PINHOLE 1599 889 948.289135 951.964705 799.500000 444.500000
295 PINHOLE 1599 889 947.873241 950.187258 799.500000 444.500000
296 PINHOLE 1599 889 947.522758 951.965445 799.500000 444.500000
297 PINHOLE 1599 889 947.446905 954.909150 799.500000 444.500000
298 PINHOLE 1599 889 947.648470 952.517656 799.500000 444.500000
299 PINHOLE 1599 889 947.166815 951.013675 799.500000 444.500000
300 PINHOLE 1599 889 946.988844 950.534131 799.500000 444.500000
301 PINHOLE 1599 889 946.929415 949.519853 799.500000 444.500000