1 -0.968297 0.021923 0.247006 -0.030136 0.829348 0.422883 4.728231 1 00001.jpg

2 0.973613 -0.022408 -0.225319 0.028402 1.037611 0.420933 4.680135 2 00002.jpg

3 0.978756 -0.023063 -0.202009 0.026409 1.219582 0.415830 4.597119 3 00003.jpg

4 0.993807 -0.022704 -0.106937 0.019894 1.946110 0.381704 4.183939 4 00004.jpg

5 0.998375 -0.040297 -0.038129 0.012993 2.388811 0.474351 3.766511 5 00005.jpg

6 0.998983 -0.042819 0.013556 0.003911 2.762444 0.430616 3.466000 6 00006.jpg

7 0.998256 -0.045911 0.036982 -0.002956 2.928191 0.406821 3.331207 7 00007.jpg

8 0.998696 -0.049906 0.009846 -0.004430 2.729407 0.423232 3.491110 8 00008.jpg

9 -0.998483 0.046679 -0.028821 0.004623 2.727175 0.404000 3.450648 9 00009.jpg

10 -0.997773 0.043199 -0.049979 0.009217 2.703980 0.356919 3.360980 10 00010.jpg

11 0.987812 -0.029068 0.151836 -0.018149 3.104623 0.204031 2.779379 11 00011.jpg

12 -0.992179 -0.036331 -0.118427 0.015335 2.700826 -0.148286 2.905213 12 00012.jpg

13 -0.994986 -0.056547 -0.082050 0.008561 2.273234 -0.220133 3.021607 13 00013.jpg

14 0.998473 0.035949 0.041888 -0.001992 1.796122 -0.049339 3.125297 14 00014.jpg

15 -0.999538 0.029532 -0.006307 -0.003324 1.288238 0.403369 3.163795 15 00015.jpg

16 -0.999009 0.041295 0.014984 -0.007136 0.907136 0.582681 3.076975 16 00016.jpg

17 -0.999130 0.041089 -0.002305 -0.006776 0.783170 0.587033 2.905355 17 00017.jpg

18 -0.999103 0.042062 -0.001774 -0.004533 0.557497 0.511721 2.860136 18 00018.jpg

19 -0.998335 0.050452 0.027554 -0.004670 0.175469 0.479626 2.785514 19 00019.jpg

20 -0.997302 0.052986 0.050405 -0.006359 -0.155306 0.412779 2.660784 20 00020.jpg

21 -0.995925 0.029196 0.085081 -0.006471 -0.606383 0.243788 2.633487 21 00021.jpg

22 0.989864 0.072066 -0.122358 -0.002018 -1.001514 -0.310605 2.419849 22 00022.jpg

23 -0.983249 -0.089737 0.158638 -0.001466 -1.394336 -0.347708 2.072863 23 00023.jpg

24 0.976603 0.088168 -0.195992 0.007796 -1.809789 -0.282981 1.819042 24 00024.jpg

25 -0.977100 -0.077253 0.197637 -0.015736 -2.031250 -0.151724 1.667113 25 00025.jpg

26 0.988422 0.017003 -0.147112 0.033017 -2.028523 0.060746 1.706152 26 00026.jpg

27 0.999419 -0.001701 0.009528 0.032688 -1.505419 0.115694 2.255767 27 00027.jpg

28 0.987043 0.001694 0.159651 0.015957 -0.771568 0.153332 2.608099 28 00028.jpg

29 0.951313 0.005259 0.308119 -0.006231 0.097535 0.180504 2.692973 29 00029.jpg

30 0.900123 0.009430 0.434658 -0.027615 0.860971 0.165718 2.526076 30 00030.jpg

31 -0.870331 -0.011291 -0.490251 0.045286 1.129981 0.116466 2.447286 31 00031.jpg

32 0.848992 0.011959 0.525584 -0.053208 1.203433 0.083357 2.321721 32 00032.jpg

33 0.789012 0.012719 0.611043 -0.062652 1.563043 0.086456 2.201337 33 00033.jpg

34 -0.799870 -0.014234 -0.596319 0.066397 1.237262 0.111115 2.383920 34 00034.jpg

35 -0.785753 -0.014863 -0.614914 0.065211 1.219299 0.157610 2.545379 35 00035.jpg

36 0.768344 0.015737 0.636518 -0.065158 1.211099 0.184954 2.747349 36 00036.jpg

37 -0.791236 -0.016194 -0.608134 0.062098 0.887074 0.196471 2.973751 37 00037.jpg

38 0.806452 0.019864 0.588276 -0.056325 0.499585 0.219590 3.158522 38 00038.jpg

39 0.790991 0.020328 0.609124 -0.053744 0.481836 0.214069 3.317235 39 00039.jpg

40 0.779201 0.019326 0.624343 -0.051654 0.606633 0.225007 3.584515 40 00040.jpg

41 -0.784304 -0.030892 -0.618148 0.042502 0.459968 0.140029 3.876992 41 00041.jpg

42 0.805694 0.043020 0.589942 -0.031223 0.026660 0.060774 4.084593 42 00042.jpg

43 0.823638 0.045120 0.564706 -0.026306 -0.365940 0.055724 4.257530 43 00043.jpg

44 -0.848790 -0.045163 -0.526346 0.021803 -0.778547 0.070557 4.243063 44 00044.jpg

45 -0.886007 -0.043507 -0.461225 0.019241 -1.432655 0.099839 4.076109 45 00045.jpg

46 0.907190 0.041113 0.418343 -0.017461 -1.820756 0.227902 3.886326 46 00046.jpg

47 0.922004 0.031290 0.385442 -0.019074 -2.105357 0.371881 3.717416 47 00047.jpg

48 -0.932277 -0.022664 -0.360482 0.019989 -2.318752 0.396614 3.523141 48 00048.jpg

49 0.913962 0.024839 0.404582 -0.019235 -2.007766 0.270798 3.442936 49 00049.jpg

50 0.873813 0.026840 0.485040 -0.021605 -1.507402 0.185427 3.487894 50 00050.jpg

51 -0.813889 -0.027428 -0.579700 0.027936 -0.956536 0.124135 3.578280 51 00051.jpg

52 0.747354 0.019797 0.662831 -0.041532 -0.376890 0.161812 3.760562 52 00052.jpg

53 0.659026 0.016948 0.750115 -0.052207 0.375003 0.210854 3.907179 53 00053.jpg

54 0.609800 0.029798 0.790627 -0.046525 0.799783 0.085145 4.075170 54 00054.jpg

55 0.624965 0.036905 0.778517 -0.044363 0.514384 0.054281 4.337517 55 00055.jpg

56 0.643857 0.040197 0.762863 -0.043286 0.084237 0.053862 4.586725 56 00056.jpg

57 -0.643019 -0.042176 -0.763619 0.040418 -0.116494 0.107841 4.833654 57 00057.jpg

58 -0.634060 -0.044164 -0.771096 0.037791 -0.220943 0.155399 5.047467 58 00058.jpg

59 0.628377 0.046119 0.775799 -0.033927 -0.411291 0.120894 5.250630 59 00059.jpg

60 -0.635568 -0.046822 -0.770042 0.029936 -0.631526 0.085402 5.529758 60 00060.jpg

61 -0.661094 -0.048776 -0.748270 0.025837 -1.038908 0.050325 5.612624 61 00061.jpg

62 -0.676996 -0.038047 -0.734217 0.033963 -1.156480 0.112150 5.316434 62 00062.jpg

63 -0.683878 -0.027711 -0.727720 0.044343 -1.054543 0.174944 5.008868 63 00063.jpg

64 0.700302 0.026449 0.711687 -0.048770 -1.160581 0.176024 4.630951 64 00064.jpg

65 -0.705317 -0.022179 -0.706499 0.053812 -1.073200 0.229928 4.349654 65 00065.jpg

66 -0.727735 -0.019412 -0.683046 0.058929 -1.199105 0.236561 3.985587 66 00066.jpg

67 0.752448 0.018717 0.655612 -0.060368 -1.305822 0.213389 3.634402 67 00067.jpg

68 -0.799205 -0.051442 -0.597813 0.035283 -1.759717 -0.095507 3.167509 68 00068.jpg

69 -0.840010 -0.119780 -0.529035 -0.012515 -2.206402 -0.528986 2.625565 69 00069.jpg

70 -0.865676 -0.104233 -0.489609 -0.004813 -2.396460 -0.315787 2.302683 70 00070.jpg

71 -0.844334 -0.069351 -0.531094 0.015110 -2.245694 -0.061533 2.469517 71 00071.jpg

72 0.775459 0.004349 0.628906 -0.055870 -1.645087 0.296027 2.930620 72 00072.jpg

73 -0.696928 0.025222 -0.711455 0.086521 -0.925908 0.522613 3.249618 73 00073.jpg

74 0.677708 -0.013934 0.728930 -0.095802 -0.769867 0.515794 3.298865 74 00074.jpg

75 -0.657834 -0.005518 -0.747418 0.092690 -0.620102 0.409690 3.259661 75 00075.jpg

76 0.597642 0.016859 0.796241 -0.092415 -0.196280 0.362539 3.221778 76 00076.jpg

77 -0.556901 -0.036056 -0.826239 0.076753 0.092031 0.198572 3.199143 77 00077.jpg

78 -0.544738 -0.039931 -0.834267 0.075263 0.143534 0.240813 3.109497 78 00078.jpg

79 -0.457531 -0.038733 -0.885239 0.074280 0.694752 0.322870 2.989486 79 00079.jpg

80 -0.435651 -0.038115 -0.896136 0.075471 0.817939 0.385002 2.947632 80 00080.jpg

81 -0.469563 -0.038377 -0.878756 0.076322 0.519071 0.486472 3.001510 81 00081.jpg

82 -0.480988 -0.036717 -0.872679 0.075726 0.414452 0.579525 3.017430 82 00082.jpg

83 -0.495304 -0.034735 -0.864617 0.076838 0.219424 0.677789 3.028895 83 00083.jpg

84 -0.512984 -0.032367 -0.854083 0.079636 0.023544 0.748286 3.019253 84 00084.jpg

85 0.532038 0.030170 0.842203 -0.081973 -0.197346 0.890120 3.003295 85 00085.jpg

86 0.521176 0.032799 0.849454 -0.075679 -0.181548 0.758030 3.069422 86 00086.jpg

87 0.463163 0.105198 0.878314 0.054572 0.178081 -0.272235 3.146088 87 00087.jpg

88 0.429172 0.148624 0.874765 0.168844 0.283812 -1.045833 2.962007 88 00088.jpg

89 -0.511584 -0.173975 -0.818401 -0.195537 -0.430661 -1.227023 2.852755 89 00089.jpg

90 -0.567410 -0.216544 -0.759187 -0.234074 -1.022738 -1.471140 2.589913 90 00090.jpg

91 -0.610317 -0.222953 -0.724861 -0.228869 -1.468889 -1.334000 2.440761 91 00091.jpg

92 0.605604 0.146055 0.765131 0.162747 -1.384505 -0.848507 2.758328 92 00092.jpg

93 -0.571433 -0.060879 -0.815991 -0.062579 -1.051209 -0.102519 3.022620 93 00093.jpg

94 0.567595 0.000662 0.822523 -0.035936 -1.007635 0.635220 2.989356 94 00094.jpg

95 0.548278 -0.034815 0.826669 -0.121649 -0.853553 1.245054 2.847621 95 00095.jpg

96 -0.554802 0.030406 -0.816871 0.154890 -0.913259 1.384560 2.688816 96 00096.jpg

97 -0.542140 0.018734 -0.823450 0.166322 -0.897791 1.361024 2.747711 97 00097.jpg

98 -0.564446 0.009308 -0.807731 0.169955 -1.067567 1.335620 2.679920 98 00098.jpg

99 -0.553894 0.005551 -0.814995 0.170157 -1.049707 1.325551 2.717056 99 00099.jpg

100 0.505090 0.001511 0.844161 -0.179648 -0.774800 1.335220 2.827417 100 00100.jpg

101 -0.532624 -0.022453 -0.829251 0.167781 -0.987499 1.225251 2.804026 101 00101.jpg

102 -0.554807 -0.024023 -0.815394 0.163542 -1.182386 1.121225 2.773149 102 00102.jpg

103 0.526945 0.019400 0.834500 -0.159885 -1.023968 1.046321 2.877849 103 00103.jpg

104 -0.435453 -0.022297 -0.886702 0.153762 -0.424440 0.918598 3.057964 104 00104.jpg

105 -0.453607 -0.027888 -0.879036 0.144083 -0.553860 0.847945 3.033298 105 00105.jpg

106 0.459046 0.023389 0.877367 -0.137685 -0.629956 0.703480 3.081058 106 00106.jpg

107 -0.417709 -0.017867 -0.898231 0.135578 -0.372601 0.611336 3.206457 107 00107.jpg

108 0.395093 0.018935 0.908472 -0.134987 -0.287494 0.577455 3.341905 108 00108.jpg

109 0.357357 0.032366 0.927642 -0.103580 -0.172967 0.345946 3.548526 109 00109.jpg

110 -0.342430 -0.043780 -0.935288 0.077859 -0.231954 0.148739 3.690221 110 00110.jpg

111 -0.290860 -0.044068 -0.953838 0.060433 0.079864 -0.000497 3.965053 111 00111.jpg

112 0.287659 0.053250 0.956106 -0.016661 -0.012481 -0.386678 4.166627 112 00112.jpg

113 -0.275410 -0.055568 -0.959691 -0.007447 -0.075810 -0.583381 4.311528 113 00113.jpg

114 0.168324 0.042125 0.984683 0.017096 0.815321 -0.636447 4.330640 114 00114.jpg

115 0.163365 0.031981 0.985949 0.013926 0.676129 -0.481678 4.442319 115 00115.jpg

116 -0.151435 -0.014341 -0.987113 0.049697 0.709200 0.139169 4.531404 116 00116.jpg

117 -0.160600 -0.009078 -0.983904 0.077832 0.588917 0.391244 4.541604 117 00117.jpg

118 0.172742 0.012436 0.981498 -0.081658 0.300811 0.334412 4.552631 118 00118.jpg

119 -0.170927 -0.017778 -0.981976 0.078681 0.092502 0.280485 4.421449 119 00119.jpg

120 0.117117 0.020553 0.990127 -0.074230 0.312752 0.210651 4.278290 120 00120.jpg

121 -0.051687 -0.022152 -0.996290 0.065149 0.661938 0.099969 4.091764 121 00121.jpg

122 0.003223 0.022926 0.997815 -0.061873 0.886402 0.073596 3.786981 122 00122.jpg

123 0.028268 -0.024056 -0.997228 0.064493 0.851948 0.079808 3.574633 123 00123.jpg

124 -0.056812 0.024196 0.995788 -0.067768 0.855210 0.091030 3.411633 124 00124.jpg

125 -0.032888 0.025450 0.996615 -0.070914 0.537706 0.106034 3.403012 125 00125.jpg

126 0.026437 -0.025008 -0.997243 0.064678 0.447243 0.033588 3.607240 126 00126.jpg

127 0.126627 -0.018551 -0.990140 0.056954 1.104166 -0.066060 3.748361 127 00127.jpg

128 -0.244556 0.010459 0.968121 -0.053146 1.962309 -0.108489 3.617308 128 00128.jpg

129 -0.360735 0.005897 0.931111 -0.053554 2.668597 -0.081300 3.229717 129 00129.jpg

130 0.367563 -0.009145 -0.928364 0.054347 2.515522 -0.106739 3.389836 130 00130.jpg

131 -0.355143 0.011585 0.933245 -0.052851 2.140723 -0.098149 3.555285 131 00131.jpg

132 -0.326276 0.014572 0.943639 -0.053640 1.561582 -0.072586 3.754755 132 00132.jpg

133 -0.296423 0.018721 0.953087 -0.058379 0.936198 -0.021946 3.884761 133 00133.jpg

134 0.266280 -0.021979 -0.961524 0.063907 0.298007 0.040976 4.043713 134 00134.jpg

135 -0.239437 0.024384 0.968296 -0.066923 -0.305269 0.096095 4.145633 135 00135.jpg

136 0.219350 -0.025641 -0.972907 0.068414 -0.861889 0.111012 4.167162 136 00136.jpg

137 -0.245037 0.022012 0.967067 -0.065227 -1.002496 0.085147 4.233108 137 00137.jpg

138 -0.279538 0.019326 0.957850 -0.063312 -1.074368 0.079219 4.343578 138 00138.jpg

139 0.291626 -0.018980 -0.954243 0.063359 -1.339947 0.086678 4.435021 139 00139.jpg

140 -0.279931 0.016947 0.958579 -0.049768 -1.833079 0.019325 4.391711 140 00140.jpg

141 -0.254317 0.015340 0.966232 -0.038510 -2.404237 -0.059661 4.286148 141 00141.jpg

142 0.269920 -0.012642 -0.962013 0.038904 -2.613987 -0.042259 4.376112 142 00142.jpg

143 -0.295612 0.007989 0.954532 -0.037666 -2.737627 -0.080234 4.504669 143 00143.jpg

144 -0.363079 0.000877 0.930965 -0.038429 -2.399947 -0.110355 4.840234 144 00144.jpg

145 -0.438960 -0.007585 0.897755 -0.035939 -1.906804 -0.189319 5.180051 145 00145.jpg

146 0.523627 0.016593 -0.851151 0.032880 -1.193788 -0.268133 5.386516 146 00146.jpg

147 -0.589028 -0.021298 0.807185 -0.032317 -0.693846 -0.247179 5.399446 147 00147.jpg

148 0.625124 0.022586 -0.779465 0.033822 -0.529411 -0.224636 5.349245 148 00148.jpg

149 0.678677 0.025882 -0.733217 0.033461 -0.038709 -0.221139 5.322926 149 00149.jpg

150 0.701249 0.028987 -0.711657 0.030868 0.070084 -0.242241 5.250454 150 00150.jpg

151 0.760125 0.031794 -0.648353 0.028931 0.666352 -0.171692 5.121107 151 00151.jpg

152 0.785028 0.028740 -0.617987 0.031574 0.783142 -0.130789 4.988013 152 00152.jpg

153 0.795033 0.022598 -0.605137 0.034958 0.601091 -0.053503 5.040156 153 00153.jpg

154 0.806279 0.020523 -0.590137 0.035091 0.510291 -0.013398 5.245078 154 00154.jpg

155 -0.821415 -0.022939 0.568928 -0.032738 0.634372 -0.011993 5.539032 155 00155.jpg

156 0.829025 0.023758 -0.557770 0.032349 0.672551 0.011572 5.786108 156 00156.jpg

157 0.873295 0.029337 -0.485523 0.027588 1.456501 0.018709 5.900696 157 00157.jpg

158 -0.890332 -0.023280 0.453765 -0.029416 1.691019 0.131958 6.105615 158 00158.jpg

159 0.911289 0.019390 -0.410211 0.030064 2.171938 0.173910 6.283351 159 00159.jpg

160 -0.933112 -0.017956 0.358019 -0.028321 2.708531 0.194499 6.294179 160 00160.jpg

161 0.931605 0.012243 -0.362348 0.025807 2.348928 0.259256 6.483156 161 00161.jpg

162 -0.917214 -0.004920 0.397462 -0.026815 1.558619 0.348475 6.660632 162 00162.jpg

163 -0.911727 -0.001851 0.409875 -0.027455 1.052149 0.367008 6.713915 163 00163.jpg

164 0.934983 0.005807 -0.353793 0.024568 1.587725 0.266691 6.343606 164 00164.jpg

165 -0.953669 -0.011614 0.300027 -0.019094 1.986677 0.186560 5.851485 165 00165.jpg

166 0.947890 0.010707 -0.317918 0.017871 1.495231 0.179790 5.610723 166 00166.jpg

167 -0.950051 -0.008932 0.311419 -0.018461 1.285122 0.187666 5.329876 167 00167.jpg

168 -0.962036 -0.010835 0.272150 -0.017414 1.443155 0.173139 4.979068 168 00168.jpg

169 -0.973717 -0.015259 0.226793 -0.014417 1.660604 0.107580 4.514406 169 00169.jpg

170 0.994915 0.027180 -0.096548 0.009150 2.547182 -0.009615 3.715227 170 00170.jpg

171 0.998617 0.049326 -0.017785 0.003912 2.829973 -0.217748 3.131100 171 00171.jpg

172 0.989014 0.133564 0.063279 0.002950 3.021168 -0.683648 2.531124 172 00172.jpg

173 -0.987932 -0.143533 -0.057416 -0.009647 2.668024 -0.605387 2.529688 173 00173.jpg

174 -0.995463 -0.080246 -0.049507 -0.012742 2.312605 -0.188525 2.610443 174 00174.jpg

175 0.997288 -0.039561 0.061387 0.009095 2.086640 0.455965 2.440841 175 00175.jpg

176 0.994998 -0.091064 0.040972 0.002884 1.678168 0.674856 2.354052 176 00176.jpg

177 0.995190 -0.097479 0.009329 -0.002673 1.219122 0.669088 2.367073 177 00177.jpg

178 -0.995183 0.096789 0.013658 0.007433 0.832730 0.600072 2.281332 178 00178.jpg

179 -0.998621 0.050258 -0.005776 0.014049 0.645967 0.325428 2.191551 179 00179.jpg

180 -0.995916 -0.039504 -0.078773 0.019617 0.670155 -0.117931 1.917092 180 00180.jpg

181 -0.984525 -0.114394 -0.131890 0.015140 0.568397 -0.414942 1.761972 181 00181.jpg

182 -0.962432 -0.161203 -0.218487 0.001137 0.607309 -0.523616 1.568262 182 00182.jpg

183 0.912910 0.163228 0.373557 0.020171 0.903084 -0.438963 1.306791 183 00183.jpg

184 -0.855144 -0.088630 -0.510616 -0.012047 1.155894 -0.162753 1.042986 184 00184.jpg

185 0.805938 -0.014400 0.589570 -0.051604 1.238387 0.091191 0.947135 185 00185.jpg

186 -0.787668 0.028502 -0.610556 0.077390 1.133289 0.172081 0.987173 186 00186.jpg

187 -0.799632 0.032357 -0.593232 0.087274 0.921857 0.168389 1.165785 187 00187.jpg

188 0.783140 -0.006278 0.616843 -0.078465 0.779989 0.068003 1.237532 188 00188.jpg

189 0.758230 0.070598 0.647585 -0.027153 0.660586 -0.206977 1.369872 189 00189.jpg

190 -0.770002 -0.096268 -0.630659 0.009951 0.386540 -0.285572 1.577276 190 00190.jpg

191 -0.787560 -0.106583 -0.606946 -0.002456 0.044832 -0.327975 1.743724 191 00191.jpg

192 0.806850 0.105024 0.581317 0.005792 -0.314901 -0.332768 1.966824 192 00192.jpg

193 -0.827818 -0.099439 -0.552085 -0.005569 -0.711061 -0.301059 2.176729 193 00193.jpg

194 -0.849233 -0.074867 -0.522635 0.007128 -1.130041 -0.178867 2.351269 194 00194.jpg

195 -0.867199 -0.044576 -0.495472 0.022048 -1.544545 -0.046144 2.386858 195 00195.jpg

196 0.858533 0.000984 0.510544 -0.047587 -1.627066 0.235253 2.594414 196 00196.jpg

197 0.807323 -0.076195 0.575735 -0.104660 -1.285878 0.839064 2.909387 197 00197.jpg

198 0.792071 -0.090760 0.588156 -0.135865 -1.321465 1.053007 2.973630 198 00198.jpg

199 0.754593 -0.068023 0.637548 -0.139625 -1.060548 0.946126 3.051687 199 00199.jpg

200 -0.665018 -0.024597 -0.741815 0.082809 -0.395594 0.267882 3.326990 200 00200.jpg

201 0.679321 0.056388 0.729731 -0.053256 -0.703806 0.008703 3.226401 201 00201.jpg

202 0.656373 0.100085 0.747768 -0.000336 -0.615753 -0.473978 3.109867 202 00202.jpg

203 0.617180 0.095084 0.780952 0.012724 -0.329676 -0.525872 3.141292 203 00203.jpg

204 -0.521740 -0.090377 -0.848032 -0.021476 0.320822 -0.564196 3.134536 204 00204.jpg

205 0.457527 0.077176 0.885128 0.035500 0.735506 -0.510109 2.988993 205 00205.jpg

206 -0.434075 -0.066408 -0.897511 -0.040515 0.812607 -0.287842 2.924781 206 00206.jpg

207 -0.460649 -0.059918 -0.884773 -0.037263 0.560947 -0.207271 2.961915 207 00207.jpg

208 -0.463948 -0.060937 -0.883094 -0.034395 0.490010 -0.061295 3.015376 208 00208.jpg

209 -0.460332 -0.058685 -0.885214 -0.032343 0.432751 0.051846 3.093920 209 00209.jpg

210 0.468036 0.059113 0.881368 0.025272 0.245015 0.174120 3.135133 210 00210.jpg

211 0.431214 0.050455 0.900769 0.011150 0.426152 0.357687 3.160540 211 00211.jpg

212 -0.423061 -0.040560 -0.905169 0.006515 0.388244 0.570672 3.112560 212 00212.jpg

213 0.346937 0.033789 0.937007 -0.022592 0.772053 0.650422 3.039138 213 00213.jpg

214 0.363604 0.035773 0.930428 -0.028558 0.555641 0.711943 3.097636 214 00214.jpg

215 -0.382918 -0.039544 -0.922387 0.031810 0.389379 0.634267 3.155769 215 00215.jpg

216 -0.381653 -0.043218 -0.922717 0.032666 0.335133 0.521889 3.134325 216 00216.jpg

217 -0.334134 -0.043997 -0.940879 0.034119 0.585279 0.417904 3.158593 217 00217.jpg

218 0.324865 0.043548 0.944054 -0.036440 0.610113 0.371073 3.171063 218 00218.jpg

219 -0.353129 -0.045602 -0.933621 0.039666 0.350427 0.341830 3.208289 219 00219.jpg

220 -0.382924 -0.048839 -0.921652 0.039264 0.011681 0.295291 3.182103 220 00220.jpg

221 -0.417040 -0.053196 -0.906571 0.037114 -0.295921 0.187151 3.186630 221 00221.jpg

222 -0.448547 -0.057347 -0.891259 0.034271 -0.570759 0.048572 3.210051 222 00222.jpg

223 0.451216 0.058881 0.889859 -0.032978 -0.664572 -0.004679 3.208582 223 00223.jpg

224 -0.308148 -0.050562 -0.949224 0.038230 0.104659 -0.113966 3.352448 224 00224.jpg

225 -0.148169 -0.038499 -0.987624 0.034107 1.005608 -0.266492 3.243811 225 00225.jpg

226 -0.056484 -0.035071 -0.997494 -0.024209 1.473456 -0.705341 3.090700 226 00226.jpg

227 0.002439 0.030678 0.995975 0.084183 1.672887 -0.977363 2.884261 227 00227.jpg

228 -0.013046 -0.020986 -0.998883 -0.040269 1.446130 -0.623613 2.994838 228 00228.jpg

229 0.044590 0.017286 0.995745 -0.078772 1.056682 0.076647 3.103160 229 00229.jpg

230 -0.076662 -0.016166 -0.981806 0.172972 0.673925 0.669018 2.964286 230 00230.jpg

231 -0.106967 -0.021145 -0.973309 0.201942 0.208388 0.813200 2.802512 231 00231.jpg

232 -0.088831 -0.030725 -0.979983 0.175495 0.056890 0.662312 2.757486 232 00232.jpg

233 0.032120 -0.042135 -0.993907 0.096653 0.448861 0.166229 2.649200 233 00233.jpg

234 0.029859 -0.052591 -0.994758 0.082449 0.163255 0.113476 2.509435 234 00234.jpg

235 -0.005404 0.055679 0.995448 -0.077164 -0.203481 0.108547 2.329371 235 00235.jpg

236 0.028824 0.055139 0.995373 -0.073224 -0.625844 0.095138 2.146521 236 00236.jpg

237 -0.056760 -0.053436 -0.994545 0.069308 -0.999990 0.091674 1.927332 237 00237.jpg

238 -0.086013 -0.051675 -0.992774 0.065814 -1.373196 0.101598 1.665821 238 00238.jpg

239 0.116649 0.049708 0.989845 -0.064257 -1.715097 0.091925 1.373713 239 00239.jpg

240 -0.117468 -0.045961 -0.989827 0.065812 -1.922815 0.090406 1.119430 240 00240.jpg

241 0.059693 0.039345 0.995176 -0.067179 -1.986066 0.080368 1.171798 241 00241.jpg

242 -0.058733 0.030013 0.995373 -0.069879 -1.796455 0.011387 1.572484 242 00242.jpg

243 -0.250224 0.006998 0.967754 -0.028111 -0.993079 -0.243631 2.125044 243 00243.jpg

244 0.480662 0.024617 -0.876532 -0.007080 0.218163 -0.453368 2.326645 244 00244.jpg

245 -0.599770 -0.051054 0.798414 0.014314 0.817562 -0.501973 2.179340 245 00245.jpg

246 -0.602863 -0.020275 0.796554 -0.040587 0.679734 -0.168565 2.262491 246 00246.jpg

247 -0.627051 0.022695 0.772442 -0.098106 0.621873 0.170949 2.315447 247 00247.jpg

248 -0.671216 0.029231 0.734411 -0.096205 0.688369 0.160177 2.249958 248 00248.jpg

249 -0.690347 0.036882 0.717075 -0.088679 0.580428 0.137103 2.286988 249 00249.jpg

250 0.713095 -0.041521 -0.695136 0.080976 0.480163 0.140744 2.352587 250 00250.jpg

251 -0.749787 0.037796 0.656678 -0.071874 0.602159 0.125283 2.345898 251 00251.jpg

252 0.769463 -0.038516 -0.634287 0.064215 0.683309 0.136385 2.518646 252 00252.jpg

253 -0.744227 0.036093 0.664415 -0.058092 0.423833 0.134942 2.724629 253 00253.jpg

254 0.724913 -0.034374 -0.685560 0.057683 0.235420 0.152355 2.919699 254 00254.jpg

255 0.714910 -0.031074 -0.696183 0.057163 0.170399 0.165798 3.048135 255 00255.jpg

256 -0.712053 0.021724 0.700072 -0.049074 0.114695 0.135921 3.204504 256 00256.jpg

257 -0.742997 0.004847 0.668259 -0.036902 0.313774 0.165976 3.237203 257 00257.jpg

258 0.791322 0.004350 -0.610519 0.032511 0.632919 0.188805 3.093894 258 00258.jpg

259 0.798277 0.005235 -0.601273 0.034608 0.589394 0.159213 3.105451 259 00259.jpg

260 -0.784886 -0.005576 0.618506 -0.037054 0.360168 0.076668 3.265072 260 00260.jpg

261 -0.755506 -0.004288 0.654038 -0.037768 -0.029219 -0.015115 3.466029 261 00261.jpg

262 0.728324 0.012781 -0.684420 0.030833 -0.369162 -0.105785 3.681239 262 00262.jpg

263 -0.705836 -0.039394 0.707259 -0.005341 -0.673164 -0.438891 3.863492 263 00263.jpg

264 0.678085 0.079454 -0.729856 -0.034609 -0.873411 -0.900163 3.778136 264 00264.jpg

265 0.577436 0.076806 -0.811765 -0.041303 -1.708458 -0.888611 3.309970 265 00265.jpg

266 0.517722 0.019020 -0.854886 0.027803 -2.167089 -0.188848 3.082664 266 00266.jpg

267 0.476324 -0.011979 -0.876621 0.067137 -2.563728 0.189876 2.870714 267 00267.jpg

268 -0.486174 0.051499 0.860568 -0.142849 -2.482805 0.735830 2.851507 268 00268.jpg

269 0.602323 -0.078342 -0.776631 0.167076 -1.723584 1.147274 3.406054 269 00269.jpg

270 0.692461 -0.094772 -0.700183 0.145812 -0.988121 1.262158 3.839123 270 00270.jpg

271 -0.727531 0.088141 0.671167 -0.111648 -0.693521 1.088476 4.107688 271 00271.jpg

272 -0.790714 0.077173 0.601276 -0.085341 -0.071533 0.943824 4.375980 272 00272.jpg

273 0.838452 -0.032486 -0.542578 0.039398 0.463462 0.365088 4.563324 273 00273.jpg

274 0.881275 0.025302 -0.471926 -0.000245 1.022468 -0.257123 4.617470 274 00274.jpg

275 0.900365 0.086100 -0.425746 -0.025877 1.294054 -0.843027 4.584690 275 00275.jpg

276 0.910710 0.108559 -0.397855 -0.023106 1.330521 -0.945580 4.621191 276 00276.jpg

277 0.913620 0.112216 -0.390616 -0.011157 1.200637 -0.821882 4.552183 277 00277.jpg

278 -0.936415 -0.047108 0.346785 -0.025444 1.408220 0.023949 4.441831 278 00278.jpg

279 -0.964522 0.033010 0.255524 -0.057572 1.970676 0.831051 3.953088 279 00279.jpg

280 -0.972052 0.072698 0.216492 -0.054412 2.072957 1.082651 3.618146 280 00280.jpg

281 -0.965045 0.092930 0.240211 -0.048483 1.696092 1.127428 3.577814 281 00281.jpg

282 -0.955275 0.097474 0.275215 -0.046951 1.270649 1.064615 3.687078 282 00282.jpg

283 -0.965823 0.095673 0.237097 -0.042626 1.363051 0.979023 3.771174 283 00283.jpg

284 -0.986438 0.063817 0.149944 -0.019606 1.792127 0.632315 3.679252 284 00284.jpg

285 0.996967 -0.005900 -0.077426 -0.005266 2.129277 0.105564 3.591684 285 00285.jpg

286 0.998035 0.022342 -0.056774 -0.014282 2.095849 -0.130726 3.721200 286 00286.jpg

287 0.999305 0.028496 -0.020531 -0.012505 2.239121 -0.193495 3.717520 287 00287.jpg

288 0.999268 0.035157 0.012942 -0.007823 2.429987 -0.197206 3.627999 288 00288.jpg

289 0.998849 0.028525 0.038325 -0.004319 2.587634 -0.092862 3.519797 289 00289.jpg

290 -1.000000 0.000517 -0.000247 0.000381 2.298978 0.142617 3.718340 290 00290.jpg

291 -0.997271 0.010310 0.072883 -0.005643 1.729905 0.242031 4.026677 291 00291.jpg

292 0.993896 -0.035824 -0.103657 0.011925 1.467923 0.467360 4.119093 292 00292.jpg

293 0.993076 -0.040187 -0.109509 0.013916 1.516777 0.508609 4.149571 293 00293.jpg

294 0.987360 -0.033161 -0.154203 0.015569 1.431577 0.466747 4.441673 294 00294.jpg

295 -0.982512 0.003645 0.185714 -0.012968 1.383375 0.212302 4.706828 295 00295.jpg

296 0.981815 0.028785 -0.187525 0.006790 1.428648 -0.072271 4.901900 296 00296.jpg

297 0.992884 0.006123 -0.118431 0.010817 2.140462 0.185910 4.733965 297 00297.jpg

298 -0.994527 0.058765 0.084241 -0.019116 2.459283 0.787296 4.578108 298 00298.jpg

299 0.994983 -0.061464 -0.077726 0.013729 2.533415 0.758547 4.525659 299 00299.jpg

300 0.996680 -0.056502 -0.058172 0.007239 2.721151 0.660992 4.428045 300 00300.jpg

301 0.996137 -0.035127 -0.080422 0.002957 2.520499 0.445383 4.566078 301 00301.jpg

