1 PINHOLE 1332 876 1034.014636 1034.152055 666.000000 438.000000
2 PINHOLE 1332 876 1031.290354 1030.481705 666.000000 438.000000
3 PINHOLE 1332 876 1031.390982 1034.292648 666.000000 438.000000
4 PINHOLE 1332 876 1030.449986 1030.600378 666.000000 438.000000
5 PINHOLE 1332 876 1027.789947 1027.099175 666.000000 438.000000
6 PINHOLE 1332 876 1032.128449 1036.088871 666.000000 438.000000
7 PINHOLE 1332 876 1031.964128 1032.071419 666.000000 438.000000
8 PINHOLE 1332 876 1031.526030 1031.650588 666.000000 438.000000
9 PINHOLE 1332 876 1026.991275 1034.059460 666.000000 438.000000
10 PINHOLE 1332 876 1031.758678 1031.232182 666.000000 438.000000
11 PINHOLE 1332 876 1022.835236 1022.770283 666.000000 438.000000
12 PINHOLE 1332 876 1034.977722 1038.091101 666.000000 438.000000
13 PINHOLE 1332 876 1038.920744 1038.088337 666.000000 438.000000
14 PINHOLE 1332 876 1035.623153 1034.691686 666.000000 438.000000
15 PINHOLE 1332 876 1036.667164 1035.778405 666.000000 438.000000
16 PINHOLE 1332 876 1021.668759 1020.308480 666.000000 438.000000
17 PINHOLE 1332 876 1036.058146 1036.694418 666.000000 438.000000
18 PINHOLE 1332 876 1036.531436 1037.321271 666.000000 438.000000
19 PINHOLE 1332 876 1033.499407 1036.058824 666.000000 438.000000
20 PINHOLE 1332 876 1034.620871 1033.061973 666.000000 438.000000
21 PINHOLE 1332 876 1034.685235 1033.819928 666.000000 438.000000
22 PINHOLE 1332 876 1030.188125 1029.414263 666.000000 438.000000
23 PINHOLE 1332 876 1027.951989 1027.995843 666.000000 438.000000
24 PINHOLE 1332 876 1031.633573 1036.883700 666.000000 438.000000
25 PINHOLE 1332 876 1023.495905 1023.404187 666.000000 438.000000
26 PINHOLE 1332 876 1027.832636 1027.403038 666.000000 438.000000
27 PINHOLE 1332 876 1033.646211 1035.033398 666.000000 438.000000
28 PINHOLE 1332 876 1033.406468 1033.827562 666.000000 438.000000
29 PINHOLE 1332 876 1022.515988 1021.092240 666.000000 438.000000
30 PINHOLE 1332 876 1031.725206 1038.450970 666.000000 438.000000
31 PINHOLE 1332 876 1029.237243 1033.029249 666.000000 438.000000
32 PINHOLE 1332 876 1028.694725 1030.443915 666.000000 438.000000
33 PINHOLE 1332 876 1029.155873 1032.172096 666.000000 438.000000
34 PINHOLE 1332 876 1021.322612 1025.276226 666.000000 438.000000
35 PINHOLE 1332 876 1032.300775 1032.434601 666.000000 438.000000
36 PINHOLE 1332 876 1039.427393 1038.465144 666.000000 438.000000
37 PINHOLE 1332 876 1026.900234 1026.214588 666.000000 438.000000
38 PINHOLE 1332 876 1030.664098 1031.249692 666.000000 438.000000
39 PINHOLE 1332 876 1024.123248 1024.386269 666.000000 438.000000
40 PINHOLE 1332 876 1025.496903 1025.489824 666.000000 438.000000
41 PINHOLE 1332 876 1020.033431 1019.237690 666.000000 438.000000
42 PINHOLE 1332 876 1026.175528 1025.610318 666.000000 438.000000
43 PINHOLE 1332 876 1031.588908 1031.055320 666.000000 438.000000
44 PINHOLE 1332 876 1036.863804 1036.040401 666.000000 438.000000
45 PINHOLE 1332 876 1038.474241 1037.104516 666.000000 438.000000
46 PINHOLE 1332 876 1037.357335 1036.951549 666.000000 438.000000
47 PINHOLE 1332 876 1026.902647 1026.558691 666.000000 438.000000
48 PINHOLE 1332 876 1025.773953 1027.686249 666.000000 438.000000
49 PINHOLE 1332 876 1031.386666 1032.672048 666.000000 438.000000
50 PINHOLE 1332 876 1036.193787 1034.942044 666.000000 438.000000
51 PINHOLE 1332 876 1022.721251 1024.023225 666.000000 438.000000
52 PINHOLE 1332 876 1032.052967 1032.892458 666.000000 438.000000
53 PINHOLE 1332 876 1031.815636 1032.057050 666.000000 438.000000
54 PINHOLE 1332 876 1033.106631 1032.729497 666.000000 438.000000
55 PINHOLE 1332 876 1025.998347 1026.091518 666.000000 438.000000
56 PINHOLE 1332 876 1031.887584 1032.898796 666.000000 438.000000
57 PINHOLE 1332 876 1032.832732 1032.673161 666.000000 438.000000
58 PINHOLE 1332 876 1031.436040 1032.346801 666.000000 438.000000
59 PINHOLE 1332 876 1033.151524 1031.378169 666.000000 438.000000
60 PINHOLE 1332 876 1029.692004 1027.791807 666.000000 438.000000
61 PINHOLE 1332 876 1033.159638 1031.262248 666.000000 438.000000
62 PINHOLE 1332 876 1026.484458 1028.049029 666.000000 438.000000
63 PINHOLE 1332 876 1022.111896 1022.585934 666.000000 438.000000
64 PINHOLE 1332 876 1028.422207 1026.104899 666.000000 438.000000
65 PINHOLE 1332 876 1024.414741 1024.131693 666.000000 438.000000
66 PINHOLE 1332 876 1035.180146 1035.524607 666.000000 438.000000
67 PINHOLE 1332 876 1027.668474 1027.237469 666.000000 438.000000
68 PINHOLE 1332 876 1032.986432 1033.483952 666.000000 438.000000
69 PINHOLE 1332 876 1038.437328 1040.316082 666.000000 438.000000
70 PINHOLE 1332 876 1033.667591 1032.021215 666.000000 438.000000
71 PINHOLE 1332 876 1033.299205 1033.675585 666.000000 438.000000
72 PINHOLE 1332 876 1036.510922 1035.954061 666.000000 438.000000
73 PINHOLE 1332 876 1027.456446 1026.952093 666.000000 438.000000
74 PINHOLE 1332 876 1033.333154 1032.031051 666.000000 438.000000
75 PINHOLE 1332 876 1028.468828 1031.236538 666.000000 438.000000
76 PINHOLE 1332 876 1034.560171 1033.186548 666.000000 438.000000
77 PINHOLE 1332 876 1034.674665 1033.647372 666.000000 438.000000
78 PINHOLE 1332 876 1033.249163 1031.004261 666.000000 438.000000
79 PINHOLE 1332 876 1033.048219 1031.144044 666.000000 438.000000
80 PINHOLE 1332 876 1034.644312 1034.106828 666.000000 438.000000
81 PINHOLE 1332 876 1033.796563 1033.129313 666.000000 438.000000
82 PINHOLE 1332 876 1035.613791 1035.315109 666.000000 438.000000
83 PINHOLE 1332 876 1030.708707 1029.581364 666.000000 438.000000
84 PINHOLE 1332 876 1036.721788 1036.644867 666.000000 438.000000
85 PINHOLE 1332 876 1035.855886 1036.828702 666.000000 438.000000
86 PINHOLE 1332 876 1031.308024 1028.591523 666.000000 438.000000
87 PINHOLE 1332 876 1032.014352 1029.608878 666.000000 438.000000
88 PINHOLE 1332 876 1029.002304 1031.505220 666.000000 438.000000
89 PINHOLE 1332 876 1024.932289 1023.218886 666.000000 438.000000
90 PINHOLE 1332 876 1034.846644 1033.479323 666.000000 438.000000
91 PINHOLE 1332 876 1019.707046 1018.228732 666.000000 438.000000
92 PINHOLE 1332 876 1034.355344 1032.514196 666.000000 438.000000
93 PINHOLE 1332 876 1036.737144 1036.124601 666.000000 438.000000
94 PINHOLE 1332 876 1032.850574 1030.112354 666.000000 438.000000
95 PINHOLE 1332 876 1022.463215 1024.281977 666.000000 438.000000
96 PINHOLE 1332 876 1027.750080 1027.094509 666.000000 438.000000
97 PINHOLE 1332 876 1027.945813 1029.637586 666.000000 438.000000
98 PINHOLE 1332 876 1034.486741 1033.582376 666.000000 438.000000
99 PINHOLE 1332 876 1035.488975 1034.080998 666.000000 438.000000
100 PINHOLE 1332 876 1039.691217 1041.896872 666.000000 438.000000
101 PINHOLE 1332 876 1036.336651 1037.271496 666.000000 438.000000
102 PINHOLE 1332 876 1033.452598 1033.015200 666.000000 438.000000
103 PINHOLE 1332 876 1036.386497 1040.000691 666.000000 438.000000
104 PINHOLE 1332 876 1032.490300 1037.256918 666.000000 438.000000
105 PINHOLE 1332 876 1034.309971 1033.475637 666.000000 438.000000
106 PINHOLE 1332 876 1025.675836 1029.321194 666.000000 438.000000
107 PINHOLE 1332 876 1026.304925 1029.395273 666.000000 438.000000
108 PINHOLE 1332 876 1027.717866 1026.476736 666.000000 438.000000
109 PINHOLE 1332 876 1030.949588 1030.890119 666.000000 438.000000
110 PINHOLE 1332 876 1037.156347 1034.514332 666.000000 438.000000
111 PINHOLE 1332 876 1031.853836 1032.150625 666.000000 438.000000
112 PINHOLE 1332 876 1032.356561 1031.123463 666.000000 438.000000
113 PINHOLE 1332 876 1034.262568 1034.795030 666.000000 438.000000
114 PINHOLE 1332 876 1034.134462 1033.590608 666.000000 438.000000
115 PINHOLE 1332 876 1036.246339 1034.587500 666.000000 438.000000
116 PINHOLE 1332 876 1037.506683 1036.843356 666.000000 438.000000
117 PINHOLE 1332 876 1033.871548 1032.687887 666.000000 438.000000
118 PINHOLE 1332 876 1033.254032 1032.342437 666.000000 438.000000
119 PINHOLE 1332 876 1033.692626 1032.597483 666.000000 438.000000
120 PINHOLE 1332 876 1033.595874 1033.258272 666.000000 438.000000
121 PINHOLE 1332 876 1026.207272 1026.881024 666.000000 438.000000
122 PINHOLE 1332 876 1035.871495 1034.841425 666.000000 438.000000
123 PINHOLE 1332 876 1029.052997 1028.552065 666.000000 438.000000
124 PINHOLE 1332 876 1033.596551 1033.283210 666.000000 438.000000
125 PINHOLE 1332 876 1017.014846 1009.926297 666.000000 438.000000
126 PINHOLE 1332 876 1018.977390 1019.524562 666.000000 438.000000
127 PINHOLE 1332 876 1026.581210 1027.723952 666.000000 438.000000
128 PINHOLE 1332 876 1025.424379 1025.865432 666.000000 438.000000
129 PINHOLE 1332 876 1024.585657 1025.905308 666.000000 438.000000
130 PINHOLE 1332 876 1033.407009 1030.831306 666.000000 438.000000
131 PINHOLE 1332 876 1029.724440 1029.108371 666.000000 438.000000
132 PINHOLE 1332 876 1034.774270 1031.871398 666.000000 438.000000
133 PINHOLE 1332 876 1028.593392 1027.223468 666.000000 438.000000
134 PINHOLE 1332 876 1028.706284 1027.527054 666.000000 438.000000
135 PINHOLE 1332 876 1026.123427 1025.534668 666.000000 438.000000
136 PINHOLE 1332 876 1031.334327 1030.650550 666.000000 438.000000
137 PINHOLE 1332 876 1025.510553 1025.476033 666.000000 438.000000
138 PINHOLE 1332 876 1031.885559 1033.207199 666.000000 438.000000
139 PINHOLE 1332 876 1033.728353 1033.460206 666.000000 438.000000
140 PINHOLE 1332 876 1029.536842 1030.437603 666.000000 438.000000
141 PINHOLE 1332 876 1031.953868 1031.582044 666.000000 438.000000
142 PINHOLE 1332 876 1033.419590 1033.044668 666.000000 438.000000
143 PINHOLE 1332 876 1037.889170 1036.056414 666.000000 438.000000
144 PINHOLE 1332 876 1036.817323 1034.901227 666.000000 438.000000
145 PINHOLE 1332 876 1037.809826 1034.745632 666.000000 438.000000
146 PINHOLE 1332 876 1039.136668 1038.226902 666.000000 438.000000
147 PINHOLE 1332 876 1032.087129 1033.264099 666.000000 438.000000
148 PINHOLE 1332 876 1024.964781 1025.263455 666.000000 438.000000
149 PINHOLE 1332 876 1036.703172 1035.701222 666.000000 438.000000
150 PINHOLE 1332 876 1039.810747 1040.259735 666.000000 438.000000
151 PINHOLE 1332 876 1041.909376 1040.886956 666.000000 438.000000
152 PINHOLE 1332 876 1033.863156 1035.045345 666.000000 438.000000
153 PINHOLE 1332 876 1038.374268 1039.125916 666.000000 438.000000
154 PINHOLE 1332 876 1038.825616 1039.049087 666.000000 438.000000
155 PINHOLE 1332 876 1041.748182 1042.080032 666.000000 438.000000
156 PINHOLE 1332 876 1028.800105 1029.517993 666.000000 438.000000
157 PINHOLE 1332 876 1033.025370 1034.417475 666.000000 438.000000
158 PINHOLE 1332 876 1043.262171 1040.934076 666.000000 438.000000
159 PINHOLE 1332 876 1035.388866 1034.918929 666.000000 438.000000
160 PINHOLE 1332 876 1035.506611 1035.657171 666.000000 438.000000
161 PINHOLE 1332 876 1023.216385 1025.297879 666.000000 438.000000
162 PINHOLE 1332 876 1032.636632 1032.458649 666.000000 438.000000
163 PINHOLE 1332 876 1035.413960 1036.862666 666.000000 438.000000
164 PINHOLE 1332 876 1041.366959 1042.682663 666.000000 438.000000
165 PINHOLE 1332 876 1036.236697 1035.308230 666.000000 438.000000
166 PINHOLE 1332 876 1036.924424 1036.969396 666.000000 438.000000
167 PINHOLE 1332 876 1033.523759 1033.192718 666.000000 438.000000
168 PINHOLE 1332 876 1038.328372 1038.082205 666.000000 438.000000
169 PINHOLE 1332 876 1035.943571 1036.091367 666.000000 438.000000
170 PINHOLE 1332 876 1024.830541 1022.981483 666.000000 438.000000
171 PINHOLE 1332 876 1038.333956 1035.730735 666.000000 438.000000
172 PINHOLE 1332 876 1039.333699 1037.837895 666.000000 438.000000
173 PINHOLE 1332 876 1037.335030 1036.391053 666.000000 438.000000
174 PINHOLE 1332 876 1035.200487 1036.957756 666.000000 438.000000
175 PINHOLE 1332 876 1034.596888 1035.741662 666.000000 438.000000
176 PINHOLE 1332 876 1035.681363 1038.226124 666.000000 438.000000
177 PINHOLE 1332 876 1036.591077 1039.215301 666.000000 438.000000
178 PINHOLE 1332 876 1030.195667 1032.359722 666.000000 438.000000
179 PINHOLE 1332 876 1022.184091 1023.786519 666.000000 438.000000
180 PINHOLE 1332 876 1042.416998 1042.030216 666.000000 438.000000
181 PINHOLE 1332 876 1034.318910 1035.785289 666.000000 438.000000
182 PINHOLE 1332 876 1029.313375 1030.941510 666.000000 438.000000
183 PINHOLE 1332 876 1041.241296 1041.915298 666.000000 438.000000
184 PINHOLE 1332 876 1041.432055 1041.683530 666.000000 438.000000
185 PINHOLE 1332 876 1044.821329 1047.580742 666.000000 438.000000
186 PINHOLE 1332 876 1038.908750 1041.011488 666.000000 438.000000
187 PINHOLE 1332 876 1037.416091 1037.619317 666.000000 438.000000
188 PINHOLE 1332 876 1038.928513 1038.379152 666.000000 438.000000
189 PINHOLE 1332 876 1042.026394 1041.616892 666.000000 438.000000
190 PINHOLE 1332 876 1039.339836 1039.319413 666.000000 438.000000
191 PINHOLE 1332 876 1037.783834 1038.641055 666.000000 438.000000
192 PINHOLE 1332 876 1033.903899 1033.605956 666.000000 438.000000
193 PINHOLE 1332 876 1029.748129 1031.436864 666.000000 438.000000
194 PINHOLE 1332 876 1032.400057 1031.775559 666.000000 438.000000
195 PINHOLE 1332 876 1033.545406 1034.215052 666.000000 438.000000
196 PINHOLE 1332 876 1032.376958 1032.433659 666.000000 438.000000
197 PINHOLE 1332 876 1038.001737 1037.527489 666.000000 438.000000
198 PINHOLE 1332 876 1022.553304 1022.287169 666.000000 438.000000
199 PINHOLE 1332 876 1035.514479 1035.240650 666.000000 438.000000
200 PINHOLE 1332 876 1033.405251 1030.938095 666.000000 438.000000
201 PINHOLE 1332 876 1037.969067 1040.272738 666.000000 438.000000
202 PINHOLE 1332 876 1035.335290 1036.507005 666.000000 438.000000
203 PINHOLE 1332 876 1033.069988 1032.573771 666.000000 438.000000
204 PINHOLE 1332 876 1038.286156 1039.040696 666.000000 438.000000
205 PINHOLE 1332 876 1038.605834 1037.998771 666.000000 438.000000
206 PINHOLE 1332 876 1027.016350 1027.024781 666.000000 438.000000
207 PINHOLE 1332 876 1033.271073 1035.656999 666.000000 438.000000
208 PINHOLE 1332 876 1039.169798 1035.393533 666.000000 438.000000
209 PINHOLE 1332 876 1034.547570 1036.002437 666.000000 438.000000
210 PINHOLE 1332 876 1036.344935 1036.327056 666.000000 438.000000
211 PINHOLE 1332 876 1037.688309 1036.043156 666.000000 438.000000
212 PINHOLE 1332 876 1038.233729 1034.291875 666.000000 438.000000
213 PINHOLE 1332 876 1033.263229 1033.961560 666.000000 438.000000
214 PINHOLE 1332 876 1034.206637 1037.650907 666.000000 438.000000
215 PINHOLE 1332 876 1036.325650 1035.518930 666.000000 438.000000
216 PINHOLE 1332 876 1032.740014 1036.532335 666.000000 438.000000
217 PINHOLE 1332 876 1040.306677 1041.351021 666.000000 438.000000
218 PINHOLE 1332 876 1039.116763 1039.286525 666.000000 438.000000
219 PINHOLE 1332 876 1036.227327 1037.344305 666.000000 438.000000
220 PINHOLE 1332 876 1033.678417 1035.789506 666.000000 438.000000
221 PINHOLE 1332 876 1037.948922 1037.239666 666.000000 438.000000
222 PINHOLE 1332 876 1047.189583 1046.290882 666.000000 438.000000
223 PINHOLE 1332 876 1046.306565 1044.806675 666.000000 438.000000
224 PINHOLE 1332 876 1042.204488 1043.074412 666.000000 438.000000
225 PINHOLE 1332 876 1045.287111 1045.387515 666.000000 438.000000
226 PINHOLE 1332 876 1049.515431 1048.708768 666.000000 438.000000
227 PINHOLE 1332 876 1042.405221 1043.264806 666.000000 438.000000
228 PINHOLE 1332 876 1044.386601 1045.192181 666.000000 438.000000
229 PINHOLE 1332 876 1047.896486 1047.671368 666.000000 438.000000
230 PINHOLE 1332 876 1041.820702 1041.897306 666.000000 438.000000
231 PINHOLE 1332 876 1044.893603 1045.686537 666.000000 438.000000
232 PINHOLE 1332 876 1044.301471 1045.212804 666.000000 438.000000
233 PINHOLE 1332 876 1049.854422 1050.651541 666.000000 438.000000
234 PINHOLE 1332 876 1045.431757 1046.016591 666.000000 438.000000
235 PINHOLE 1332 876 1045.009036 1045.102793 666.000000 438.000000
236 PINHOLE 1332 876 1051.028612 1050.579517 666.000000 438.000000
237 PINHOLE 1332 876 1046.314550 1045.616490 666.000000 438.000000
238 PINHOLE 1332 876 1045.093011 1045.583874 666.000000 438.000000
239 PINHOLE 1332 876 1038.713196 1039.202407 666.000000 438.000000
240 PINHOLE 1332 876 1041.726975 1043.505451 666.000000 438.000000
241 PINHOLE 1332 876 1035.470526 1034.673819 666.000000 438.000000
242 PINHOLE 1332 876 1039.001163 1038.865015 666.000000 438.000000
243 PINHOLE 1332 876 1040.215602 1039.557302 666.000000 438.000000
244 PINHOLE 1332 876 1046.236906 1045.945719 666.000000 438.000000
245 PINHOLE 1332 876 1045.531596 1044.400205 666.000000 438.000000
246 PINHOLE 1332 876 1054.453726 1055.583616 666.000000 438.000000
247 PINHOLE 1332 876 1048.976492 1046.504605 666.000000 438.000000
248 PINHOLE 1332 876 1042.251859 1041.612461 666.000000 438.000000
249 PINHOLE 1332 876 1049.853039 1049.924716 666.000000 438.000000
250 PINHOLE 1332 876 1055.946682 1055.322572 666.000000 438.000000
251 PINHOLE 1332 876 1055.708755 1056.903045 666.000000 438.000000
252 PINHOLE 1332 876 1044.086905 1044.596684 666.000000 438.000000
253 PINHOLE 1332 876 1055.693556 1056.002510 666.000000 438.000000
254 PINHOLE 1332 876 1055.895213 1057.515629 666.000000 438.000000
255 PINHOLE 1332 876 1044.749338 1043.899296 666.000000 438.000000
256 PINHOLE 1332 876 1053.749544 1052.948482 666.000000 438.000000
257 PINHOLE 1332 876 1048.187525 1049.043262 666.000000 438.000000
258 PINHOLE 1332 876 1051.323943 1048.587938 666.000000 438.000000
259 PINHOLE 1332 876 1054.485326 1054.551902 666.000000 438.000000
260 PINHOLE 1332 876 1053.116897 1052.897690 666.000000 438.000000
261 PINHOLE 1332 876 1046.963837 1045.072301 666.000000 438.000000
262 PINHOLE 1332 876 1059.434558 1061.356466 666.000000 438.000000
263 PINHOLE 1332 876 1043.791173 1044.601399 666.000000 438.000000