1 0.634887 -0.605915 0.345133 -0.332668 3.125798 0.189633 1.625579 1 IMG_6292.jpg

2 0.629336 -0.620597 0.338367 -0.322961 3.162226 -0.114883 1.575508 2 IMG_6293.jpg

3 -0.800019 0.358598 -0.447810 0.175624 3.240576 -1.202228 0.930428 3 IMG_6294.jpg

4 -0.639306 0.604870 -0.296014 0.371208 4.021980 0.169362 1.880976 4 IMG_6295.jpg

5 -0.669788 0.555202 -0.393697 0.296879 4.252249 -0.451390 1.045374 5 IMG_6296.jpg

6 -0.809172 0.319926 -0.473510 0.136663 4.347577 -1.042135 0.383231 6 IMG_6298.jpg

7 0.616072 -0.617338 0.347958 -0.343910 5.479916 0.029836 1.243964 7 IMG_6299.jpg

8 0.673876 -0.545394 0.385258 -0.316248 5.420387 -0.682881 1.206036 8 IMG_6300.jpg

9 -0.812300 0.316017 -0.458988 0.172140 5.456350 -1.197923 0.512998 9 IMG_6301.jpg

10 0.715272 -0.417063 0.129354 -0.545631 3.756691 -0.669144 5.018528 10 IMG_6302.jpg

11 -0.797421 0.267898 -0.198070 0.503109 3.372504 -2.610725 4.585640 11 IMG_6304.jpg

12 -0.793539 0.066890 -0.244329 0.553285 1.939930 -4.602461 3.831408 12 IMG_6306.jpg

13 -0.675537 0.240521 0.196637 0.668681 -0.384163 0.646150 5.560638 13 IMG_6307.jpg

14 -0.683071 0.205217 0.170471 0.679882 0.225092 0.107003 5.471673 14 IMG_6310.jpg

15 0.674223 -0.204811 -0.196683 -0.681757 -0.003856 0.073551 5.471936 15 IMG_6311.jpg

16 0.705483 -0.019220 -0.028965 -0.707874 -0.128552 -2.883336 4.706398 16 IMG_6312.jpg

17 -0.663175 0.226438 0.225862 0.676691 1.330237 0.781126 5.463229 17 IMG_6313.jpg

18 0.674801 -0.156028 -0.166690 -0.701792 1.196962 -0.516419 5.514030 18 IMG_6314.jpg

19 -0.702515 -0.047406 -0.020080 0.709805 1.161199 -3.669189 4.278707 19 IMG_6315.jpg

20 -0.317451 -0.328119 0.601991 0.655110 -5.883128 0.219326 1.261071 20 IMG_6317.jpg

21 0.197971 0.455909 -0.413857 -0.762678 -6.006623 -0.800429 0.592330 21 IMG_6318.jpg

22 0.348535 0.322970 -0.659179 -0.582835 -4.493941 0.031674 1.169107 22 IMG_6319.jpg

23 -0.257657 -0.396976 0.520002 0.711071 -4.529281 -0.533316 0.990391 23 IMG_6320.jpg

24 0.201573 0.441787 -0.415895 -0.768911 -4.554322 -0.988255 0.718756 24 IMG_6321.jpg

25 0.344962 0.315390 -0.663193 -0.584556 -3.250275 0.475593 1.258175 25 IMG_6322.jpg

26 -0.278645 -0.351737 0.577395 0.682094 -3.264132 -0.007940 1.266159 26 IMG_6323.jpg

27 0.205332 0.427861 -0.388149 -0.790009 -3.230759 -1.014743 0.934655 27 IMG_6324.jpg

28 -0.333697 -0.338659 0.654817 0.587513 -2.340158 0.546426 0.845177 28 IMG_6325.jpg

29 -0.289459 -0.354521 0.579032 0.674723 -2.311528 -0.079823 0.910164 29 IMG_6326.jpg

30 -0.333141 -0.326965 0.553000 0.690147 -0.957980 -0.079606 1.061419 30 IMG_6329.jpg

31 -0.245958 -0.400535 0.396001 0.788834 -1.007962 -0.671736 0.757776 31 IMG_6330.jpg

32 -0.375981 -0.332351 0.626005 0.596908 0.534027 0.596273 0.961217 32 IMG_6331.jpg

33 -0.330639 -0.339253 0.568586 0.672530 0.597383 -0.042808 0.980865 33 IMG_6332.jpg

34 0.219988 0.431720 -0.369894 -0.792718 0.563279 -0.798107 0.633852 34 IMG_6333.jpg

35 -0.341317 -0.343401 0.624703 0.612638 1.813389 0.476658 1.408738 35 IMG_6334.jpg

36 0.307340 0.350962 -0.546724 -0.695314 1.876790 -0.214680 1.250176 36 IMG_6335.jpg

37 0.208624 0.426132 -0.417582 -0.774927 1.741842 -1.070821 1.043477 37 IMG_6336.jpg

38 -0.374671 -0.288116 0.653783 0.590913 3.091817 0.031579 1.018457 38 IMG_6337.jpg

39 0.260309 0.422529 -0.496348 -0.712283 2.954020 -0.558471 1.654910 39 IMG_6338.jpg

40 -0.192278 -0.461993 0.337258 0.797401 3.031472 -1.177030 1.094737 40 IMG_6339.jpg

41 0.345428 0.315444 -0.624217 -0.625722 4.255244 0.135986 1.220134 41 IMG_6340.jpg

42 0.255045 0.389048 -0.546497 -0.696372 4.071951 -0.675283 1.549544 42 IMG_6341.jpg

43 -0.202682 -0.455449 0.400753 0.768690 4.111525 -1.062442 1.235036 43 IMG_6342.jpg

44 -0.217471 0.661092 -0.683603 -0.219887 -1.062842 0.192998 4.487949 44 IMG_6343.jpg

45 -0.261692 0.647608 -0.677381 -0.230816 -1.298052 -0.432909 4.369354 45 IMG_6344.jpg

46 -0.221758 0.671696 -0.687353 -0.164906 -0.295853 0.312136 4.602621 46 IMG_6346.jpg

47 -0.352441 0.621679 -0.642748 -0.276000 -0.474040 -1.485381 4.294060 47 IMG_6347.jpg

48 -0.476281 0.533476 -0.551165 -0.429856 -0.313565 -3.528342 3.083622 48 IMG_6348.jpg

49 -0.148127 0.664145 -0.699283 -0.219027 1.701530 0.588565 4.626411 49 IMG_6349.jpg

50 0.256589 -0.637773 0.664995 0.291872 1.440147 -1.067386 4.659466 50 IMG_6350.jpg

51 -0.414720 0.567619 -0.558140 -0.440789 1.365586 -3.375103 3.446206 51 IMG_6351.jpg

52 -0.609295 0.639790 -0.341414 0.320726 -4.826156 0.372584 2.112887 52 IMG_6352.jpg

53 0.626704 -0.610749 0.366159 -0.316475 -4.823547 0.131533 2.185187 53 IMG_6353.jpg

54 0.563791 -0.670989 0.332172 -0.348676 -3.211102 0.238284 1.521908 54 IMG_6355.jpg

55 0.751857 -0.445497 0.445954 -0.193310 -3.073117 -1.006735 1.705914 55 IMG_6356.jpg

56 -0.604710 0.634360 -0.341527 0.339517 -1.960665 0.510963 1.653412 56 IMG_6357.jpg

57 0.651846 -0.586613 0.364598 -0.313129 -1.974866 -0.103645 1.630244 57 IMG_6358.jpg

58 -0.772458 0.407346 -0.445929 0.196281 -1.886198 -1.107759 1.237925 58 IMG_6359.jpg

59 0.675831 -0.200819 -0.203946 -0.679213 -1.599149 0.363231 -1.463310 59 IMG_6360.jpg

60 0.693025 -0.165121 -0.115681 -0.692149 -1.648651 0.366320 -1.329160 60 IMG_6361.jpg

61 -0.698952 0.019858 -0.003291 0.714886 -1.532511 0.549778 -1.350522 61 IMG_6362.jpg

62 0.600769 -0.639917 0.362687 -0.313114 -0.940908 0.463999 0.931852 62 IMG_6363.jpg

63 0.665634 -0.558487 0.390245 -0.304521 -0.990494 -0.047548 0.827876 63 IMG_6364.jpg

64 0.783246 -0.384667 0.448970 -0.192309 -0.975267 -0.743699 0.527359 64 IMG_6365.jpg

65 -0.570389 0.679521 -0.316020 0.336212 0.382330 0.614416 0.600529 65 IMG_6366.jpg

66 0.622842 -0.609701 0.377742 -0.312480 0.429303 0.140642 0.738949 66 IMG_6367.jpg

67 0.787651 -0.366954 0.459266 -0.184459 0.409110 -0.657103 0.347840 67 IMG_6368.jpg

68 -0.592478 0.657368 -0.334699 0.323751 1.516965 0.580625 0.635527 68 IMG_6369.jpg

69 0.633194 -0.603921 0.359033 -0.324716 1.479219 0.165509 0.776035 69 IMG_6370.jpg

70 0.792423 -0.366942 0.442725 -0.203506 1.487745 -0.641510 0.428276 70 IMG_6371.jpg

71 0.599985 -0.654351 0.305213 -0.344512 3.039637 0.717782 0.962927 71 IMG_6372.jpg

72 0.688504 -0.534829 0.381141 -0.307655 3.021626 -0.386556 0.979614 72 IMG_6373.jpg

73 0.806771 -0.366968 0.405238 -0.224137 2.974977 -0.905053 0.787956 73 IMG_6374.jpg

74 -0.185913 0.655880 -0.690614 -0.241473 0.530007 0.105125 -2.887978 74 IMG_6375.jpg

75 -0.357756 0.599141 -0.602991 -0.386577 0.656852 1.136386 -2.651491 75 IMG_6376.jpg

76 -0.224717 0.666134 -0.665811 -0.249927 -0.143115 0.404966 -2.852229 76 IMG_6377.jpg

77 -0.335501 0.621167 -0.627023 -0.329290 -0.061415 0.827302 -2.767666 77 IMG_6378.jpg

78 -0.221044 0.661940 -0.678259 -0.230087 -1.295935 0.405311 -2.918724 78 IMG_6379.jpg

79 -0.353380 0.618956 -0.592225 -0.375880 -1.425139 1.066041 -2.759728 79 IMG_6380.jpg

80 -0.694082 0.195917 0.136924 0.679057 -0.979891 0.003052 -0.615445 80 IMG_6381.jpg

81 -0.713862 0.066901 0.091203 0.691092 -0.911274 -0.244148 -0.769594 81 IMG_6382.jpg

82 -0.696446 0.144952 0.135061 0.689717 -0.221313 0.206728 -0.426897 82 IMG_6383.jpg

83 -0.711878 0.042975 0.030170 0.700338 -0.155791 -0.315434 -0.493709 83 IMG_6384.jpg

84 0.685521 -0.140381 -0.146386 -0.699232 0.793165 0.146960 -0.154741 84 IMG_6385.jpg

85 -0.731301 -0.003711 -0.040817 0.680822 0.823700 -0.178237 -0.359776 85 IMG_6386.jpg

86 0.559249 -0.029771 -0.590202 -0.581392 -2.793313 0.661881 3.219172 86 IMG_6387.jpg

87 0.389231 0.257736 -0.786831 -0.403693 -4.400270 -0.446041 0.291367 87 IMG_6388.jpg

88 0.114134 -0.743618 0.637744 -0.165190 1.502045 -2.936068 -2.669329 88 IMG_6390.jpg

89 -0.508040 0.645138 0.063209 0.567183 3.151939 0.960817 2.870416 89 IMG_6392.jpg

90 -0.412921 0.714443 -0.563726 0.035787 2.830737 -0.772398 -3.557602 90 IMG_6393.jpg

91 0.613933 -0.627810 0.355459 -0.320296 4.351400 -0.809731 -0.481065 91 IMG_6394.jpg

92 -0.702339 0.473665 -0.127506 0.515853 3.600929 -0.849472 2.469746 92 IMG_6395.jpg

93 0.688947 -0.214076 -0.180943 -0.668418 0.225098 -0.842201 4.291191 93 IMG_6396.jpg

94 0.550732 0.085424 -0.457959 -0.692583 -3.052040 -0.827703 2.966180 94 IMG_6397.jpg

95 0.360201 0.320860 -0.611845 -0.626858 -4.419038 -0.882750 0.315238 95 IMG_6398.jpg

96 -0.150124 -0.517531 0.691036 0.481761 -3.482278 -0.987848 -2.398930 96 IMG_6399.jpg

97 0.039260 0.550404 -0.721027 -0.419088 -0.451326 -0.744252 -0.350290 97 IMG_6401.jpg

98 0.179859 -0.647189 0.696325 0.252842 -0.286318 -0.734031 -0.589135 98 IMG_6402.jpg

99 0.383197 -0.684218 0.619392 0.036874 -0.035161 -0.745087 -0.682239 99 IMG_6403.jpg

100 0.602085 -0.626485 0.362043 -0.337543 0.562608 -0.857315 -0.069785 100 IMG_6404.jpg

101 -0.704868 0.451194 -0.085506 0.540623 0.425600 -0.848515 0.242408 101 IMG_6405.jpg

102 -0.685883 0.219913 0.154484 0.676268 -0.032291 -0.896318 0.372554 102 IMG_6406.jpg

103 0.330340 0.333829 -0.629106 -0.619403 -0.625710 -0.796894 0.527048 103 IMG_6408.jpg

104 0.241216 0.500417 -0.816186 -0.158864 -0.509491 -0.664749 0.268554 104 IMG_6409.jpg

105 0.031440 0.679184 -0.733155 0.014312 -0.348726 -0.882789 -0.030583 105 IMG_6410.jpg

106 0.179362 -0.795488 0.530063 -0.232512 0.458849 -0.901940 0.032976 106 IMG_6411.jpg

107 -0.326395 0.800777 -0.210363 0.456038 0.573115 -0.536144 0.530541 107 IMG_6412.jpg

108 -0.484864 0.644587 0.141241 0.573991 0.356798 -0.271408 0.793683 108 IMG_6413.jpg

109 0.572660 -0.367660 -0.417757 -0.601967 0.080697 -0.287982 0.882349 109 IMG_6414.jpg

110 0.530292 -0.163299 -0.617849 -0.557124 -0.395424 -0.248424 0.838280 110 IMG_6415.jpg

111 -0.087748 -0.574248 0.752678 0.309863 -0.433626 -0.924180 -0.542428 111 IMG_6417.jpg

112 0.515554 -0.700171 0.290199 -0.399687 0.682961 -0.806990 0.181117 112 IMG_6420.jpg

113 0.653582 -0.482773 -0.050073 -0.580736 0.337125 -0.683670 0.645143 113 IMG_6421.jpg

114 0.643370 -0.237946 -0.302686 -0.661693 0.261922 -0.659659 0.799548 114 IMG_6422.jpg

115 -0.588508 0.058819 0.471821 0.653899 -0.176467 -0.633830 0.884214 115 IMG_6423.jpg

116 0.207711 -0.678258 0.684539 0.168014 -0.224710 -0.096350 3.164797 116 IMG_6428.jpg

117 0.366825 -0.739531 0.558838 -0.078950 -1.649003 0.302834 3.021222 117 IMG_6429.jpg

118 0.590849 -0.645394 0.300281 -0.379731 -3.024696 -0.133546 0.173902 118 IMG_6430.jpg

119 -0.692528 0.444416 -0.011721 0.568122 -1.760536 -0.325145 -2.094411 119 IMG_6431.jpg

120 0.542659 0.046496 -0.518779 -0.658959 2.354388 -0.422620 -1.548976 120 IMG_6433.jpg

121 0.333648 0.338107 -0.698997 -0.534570 3.075197 0.001188 0.660303 121 IMG_6434.jpg

122 -0.101018 -0.546139 0.725688 0.406085 2.575581 0.223098 2.374334 122 IMG_6435.jpg

123 0.039446 0.694066 -0.718817 0.004336 0.194662 1.338444 2.814008 123 IMG_6436.jpg

124 -0.213520 0.803845 -0.523638 0.184515 -1.801000 0.670851 2.340197 124 IMG_6437.jpg

125 0.393627 -0.795874 0.186125 -0.420713 -2.965278 -0.497750 0.412981 125 IMG_6438.jpg

126 0.549654 -0.639347 -0.127141 -0.522447 -1.806358 -1.880616 -1.410742 126 IMG_6439.jpg

127 0.593318 -0.423291 -0.376221 -0.572063 -0.179425 -2.122933 -2.061254 127 IMG_6440.jpg

128 -0.580761 0.047858 0.595237 0.553280 2.393763 -1.311427 -1.759800 128 IMG_6441.jpg

129 -0.377431 -0.254199 0.795138 0.400855 2.893633 -0.310195 0.730359 129 IMG_6442.jpg

130 0.250258 0.532347 -0.778469 -0.219007 2.342470 0.962856 2.082603 130 IMG_6443.jpg

131 -0.132914 0.582344 -0.462083 -0.655506 2.297847 -1.103633 2.245990 131 IMG_6444.jpg

132 -0.461625 0.579013 -0.528793 -0.414758 -0.087702 -1.945687 2.690036 132 IMG_6445.jpg

133 -0.722773 0.464532 -0.509585 -0.046171 -2.520593 -1.176191 1.778967 133 IMG_6446.jpg

134 -0.796300 0.226845 -0.261707 0.495940 -2.354770 1.348900 -1.048900 134 IMG_6447.jpg

135 -0.717506 -0.040826 -0.038015 0.694315 -0.070897 1.894827 -1.737286 135 IMG_6448.jpg

136 -0.490936 -0.243354 0.248099 0.798879 2.414304 1.145476 -1.086755 136 IMG_6449.jpg

137 0.062151 0.512356 -0.494521 -0.699340 2.854887 -0.536694 1.699114 137 IMG_6450.jpg

138 -0.084020 -0.546753 0.700778 0.450457 -0.769849 0.240055 -0.375824 138 IMG_6451.jpg

139 -0.198720 0.668658 -0.678852 -0.229274 -0.227263 0.260327 -0.860757 139 IMG_6452.jpg

140 -0.413233 0.697610 -0.585226 0.009433 0.402495 0.245818 -0.837560 140 IMG_6453.jpg

141 0.632635 -0.610039 0.338742 -0.335975 0.813072 0.224986 -0.231063 141 IMG_6454.jpg

142 -0.681579 0.160705 0.209828 0.682346 -0.054746 0.158117 0.674849 142 IMG_6456.jpg

143 0.582981 0.056517 -0.381321 -0.715215 -0.559517 0.131948 0.517396 143 IMG_6457.jpg

144 0.130293 0.506847 -0.700719 -0.484894 -3.482782 0.276837 -2.632897 144 IMG_6458.jpg

145 -0.177750 0.661439 -0.684623 -0.249390 -0.432196 0.414666 -4.440084 145 IMG_6459.jpg

146 0.438160 -0.705736 0.555177 -0.041606 2.954428 0.386916 -3.377979 146 IMG_6460.jpg

147 0.623774 -0.619711 0.375733 -0.292728 4.330814 0.269207 -0.497411 147 IMG_6461.jpg

148 -0.721890 0.436870 -0.124979 0.521919 3.212596 -0.001868 2.648046 148 IMG_6462.jpg

149 0.553292 0.101846 -0.404344 -0.721111 -2.981793 -0.119223 2.862317 149 IMG_6464.jpg

150 0.351647 0.330794 -0.585996 -0.650791 -4.289778 0.164444 0.132014 150 IMG_6465.jpg

151 -0.346825 -0.357903 0.575021 0.648820 -4.396860 0.507783 -0.136085 151 IMG_6466.jpg

152 -0.283301 0.659548 -0.650248 -0.248827 0.510320 1.506326 -4.636117 152 IMG_6468.jpg

153 -0.741146 0.334036 -0.096530 0.574286 2.922521 -0.313720 3.654867 153 IMG_6471.jpg

154 0.693166 -0.125094 -0.151304 -0.693526 -0.235069 -0.371770 4.657073 154 IMG_6472.jpg

155 -0.441109 0.664742 -0.600347 -0.055884 0.357281 0.830356 -0.849207 155 IMG_6475.jpg

156 0.677738 -0.576667 0.338548 -0.305796 0.739242 0.751965 0.199136 156 IMG_6476.jpg

157 -0.749165 0.363821 -0.134553 0.536919 0.465873 0.583455 0.611612 157 IMG_6477.jpg

158 0.572718 0.115990 -0.318716 -0.746297 -0.466360 0.516605 0.667501 158 IMG_6479.jpg

159 0.563145 0.747718 -0.080888 -0.342407 0.053944 1.755913 0.745447 159 IMG_6481.jpg

160 0.595567 0.700965 -0.063864 -0.387130 0.716449 1.857694 0.275504 160 IMG_6482.jpg

161 0.377123 0.043783 0.896058 0.230088 -0.418664 -2.314160 2.610656 161 IMG_6483.jpg

162 0.198195 0.845593 -0.021704 -0.495198 1.694539 2.327255 2.239186 162 IMG_6484.jpg

163 0.002969 -0.950481 0.000087 0.310768 0.002748 1.812259 3.862169 163 IMG_6485.jpg

164 -0.055930 -0.890249 -0.017065 0.451704 1.628423 2.348464 3.166314 164 IMG_6486.jpg

165 -0.802660 -0.527067 0.168604 0.222508 -0.314213 3.184097 -1.663027 165 IMG_6487.jpg

166 -0.782359 -0.557275 0.154057 0.231572 -0.383170 3.740503 -1.340611 166 IMG_6488.jpg

167 0.733649 0.617348 -0.126537 -0.254221 -0.359613 4.534986 -0.596919 167 IMG_6489.jpg

168 -0.650815 -0.695976 0.138080 0.270169 -0.022540 5.075265 0.586340 168 IMG_6490.jpg

169 -0.626890 -0.725876 0.123319 0.254765 -0.134702 5.343127 0.969212 169 IMG_6491.jpg

170 0.752647 0.608406 -0.166257 -0.189005 0.548365 3.804822 -0.828954 170 IMG_6492.jpg

171 0.700653 0.653601 -0.203268 -0.201429 0.885304 4.451027 -0.337615 171 IMG_6493.jpg

172 0.657929 0.683809 -0.230436 -0.215485 1.141612 5.047030 0.169198 172 IMG_6494.jpg

173 0.627979 0.711232 -0.241376 -0.203785 1.138751 5.337295 0.595576 173 IMG_6495.jpg

174 0.261429 0.900662 -0.052903 -0.343022 -0.370463 -0.556641 -0.905307 174 IMG_6496.jpg

175 0.503914 0.809468 -0.120842 -0.276095 -0.413073 -3.308881 -1.817331 175 IMG_6498.jpg

176 0.573205 0.764481 -0.111444 -0.273103 -0.368141 -4.592450 -1.866024 176 IMG_6499.jpg

177 -0.535183 -0.789145 0.104377 0.282729 -0.497024 -4.752004 -2.823645 177 IMG_6500.jpg

178 -0.649124 -0.693016 0.135692 0.282762 -0.510821 -5.664225 -0.757211 178 IMG_6501.jpg

179 0.148086 -0.928025 -0.037805 0.339722 -0.694978 2.814428 -3.644121 179 IMG_6502.jpg

180 -0.203408 0.920490 0.037098 -0.331583 -0.620590 2.583710 -3.510627 180 IMG_6503.jpg

181 0.209458 0.907017 -0.055750 -0.361026 -0.922652 -2.572360 -3.358759 181 IMG_6504.jpg

182 -0.182570 -0.927226 0.045641 0.323784 -0.604960 -3.178476 -3.647962 182 IMG_6505.jpg

183 0.507120 -0.789680 -0.113116 0.326250 -0.695860 4.646974 -1.501093 183 IMG_6506.jpg

184 0.661509 -0.681349 -0.126508 0.286646 -0.263613 5.015365 0.116361 184 IMG_6507.jpg

185 0.859039 -0.444261 -0.166536 0.192223 0.284635 4.227490 3.022347 185 IMG_6508.jpg

186 -0.958349 0.195685 0.188789 -0.087376 0.559233 2.133393 4.402505 186 IMG_6509.jpg

187 0.984373 0.042211 -0.170237 -0.015761 0.792120 0.351645 4.279631 187 IMG_6510.jpg

188 0.954699 0.205256 -0.201075 -0.077390 0.294374 -0.566860 3.457118 188 IMG_6511.jpg

189 0.977211 0.109708 -0.177250 -0.040062 0.107136 0.553982 1.501434 189 IMG_6512.jpg

190 -0.948645 -0.221643 0.209175 0.084811 -0.063392 0.316678 1.067373 190 IMG_6513.jpg

191 0.886972 0.396933 -0.164135 -0.169661 -0.165164 0.769259 0.133513 191 IMG_6514.jpg

192 -0.748340 -0.582472 0.108039 0.298397 -0.104879 1.440264 0.063200 192 IMG_6515.jpg

193 -0.825030 -0.491757 0.214958 0.176900 -0.264039 1.091186 -0.810204 193 IMG_6516.jpg

194 -0.917175 -0.308414 0.226372 0.111475 -0.365049 0.484215 -1.460326 194 IMG_6517.jpg

195 0.973664 0.029976 -0.225538 -0.014615 -0.470423 -1.285433 -2.281610 195 IMG_6518.jpg

196 -0.930375 0.301941 0.150121 -0.143864 -0.454072 -3.416364 -1.259735 196 IMG_6520.jpg

197 -0.835936 0.470929 0.184386 -0.213163 -0.080185 -3.817005 -0.614286 197 IMG_6521.jpg

198 -0.911060 0.352493 0.163695 -0.137561 -0.793575 -2.590610 -2.790917 198 IMG_6522.jpg

199 -0.982498 0.140547 0.122247 -0.001007 -1.215617 0.403053 -3.386276 199 IMG_6523.jpg

200 -0.987659 -0.062008 0.131109 0.059111 -0.916076 2.361000 -2.627272 200 IMG_6524.jpg

201 0.918473 0.319558 -0.159836 -0.169534 -0.313742 3.616805 -1.342660 201 IMG_6525.jpg

202 -0.782495 -0.544817 0.123935 0.274802 0.223413 4.316175 0.551295 202 IMG_6526.jpg

203 0.996542 -0.061311 -0.050772 0.023833 -1.864946 1.251424 -3.728370 203 IMG_6527.jpg

204 -0.920263 0.340791 0.026405 -0.190473 -1.936913 -2.498969 -3.479980 204 IMG_6528.jpg

205 -0.727382 0.556247 -0.016348 -0.401544 -0.429629 -5.096883 -0.976280 205 IMG_6529.jpg

206 -0.991832 0.077922 0.100199 -0.012574 -0.884959 1.179199 -4.464536 206 IMG_6530.jpg

207 0.831797 -0.474948 -0.006555 0.287219 -0.997243 -4.084628 -2.723944 207 IMG_6531.jpg

208 -0.986887 -0.082767 -0.137311 0.018675 -3.354782 2.810665 -2.696711 208 IMG_6533.jpg

209 -0.397479 -0.821444 0.007906 0.408873 0.671755 3.992064 2.568276 209 IMG_6534.jpg

210 0.512907 0.770866 -0.094394 -0.365762 0.485506 3.948536 1.346370 210 IMG_6535.jpg

211 0.525294 0.792275 -0.175026 -0.256382 -0.027014 3.422148 1.393184 211 IMG_6536.jpg

212 0.542734 -0.764807 -0.095086 0.333869 0.239463 -4.302920 1.596671 212 IMG_6537.jpg

213 0.601635 -0.725899 -0.108686 0.315109 0.034535 -3.620221 0.807405 213 IMG_6538.jpg

214 -0.721403 0.621665 0.127505 -0.277223 -0.456679 -3.104571 -1.301357 214 IMG_6540.jpg

215 0.180874 -0.933042 -0.042782 0.308037 -0.074582 -2.570405 3.173743 215 IMG_6541.jpg

216 -0.364626 0.884461 0.079377 -0.280136 -0.166774 -2.575304 1.594971 216 IMG_6542.jpg

217 0.333252 -0.840148 -0.030991 0.426772 0.508165 -2.465453 1.653755 217 IMG_6543.jpg

218 0.891179 -0.389901 -0.139529 0.185228 -0.658065 -0.904480 -1.685642 218 IMG_6544.jpg

219 0.541399 -0.789513 -0.121531 0.262271 -0.267318 -1.950144 0.420056 219 IMG_6546.jpg

220 -0.304860 0.891922 0.087156 -0.322395 -0.052793 -1.366047 1.259484 220 IMG_6547.jpg

221 0.674338 -0.683160 -0.211556 0.183861 0.452021 -3.192077 -1.522547 221 IMG_6548.jpg

222 0.633115 0.113097 -0.158343 -0.749201 1.165765 0.200736 -0.105249 222 IMG_6549.jpg

223 -0.392679 -0.333163 0.347555 0.783589 2.793752 -0.390363 0.960534 223 IMG_6550.jpg

224 -0.029133 0.542119 -0.559640 -0.626148 2.418176 -1.953619 3.764207 224 IMG_6551.jpg

225 0.364832 -0.601788 0.583558 0.405226 0.289048 -2.506362 4.106974 225 IMG_6552.jpg

226 -0.638418 0.552961 -0.535263 0.012252 -2.469161 -1.879026 4.076117 226 IMG_6553.jpg

227 -0.777104 0.405434 -0.422246 0.231172 -2.943034 -0.899428 1.541876 227 IMG_6554.jpg

228 -0.788266 0.226264 -0.195774 0.537692 -1.910505 0.151656 -0.074125 228 IMG_6555.jpg

229 0.542592 0.094795 -0.465429 -0.692809 2.139899 0.227989 0.517340 229 IMG_6556.jpg

230 0.359500 0.310905 -0.670380 -0.569814 3.212588 0.530467 1.831116 230 IMG_6557.jpg

231 0.163859 0.511841 -0.722675 -0.434638 3.273268 0.873067 4.116987 231 IMG_6558.jpg

232 -0.118717 0.698319 -0.696520 -0.114528 0.038165 1.412324 4.638271 232 IMG_6559.jpg

233 -0.446469 0.715992 -0.519876 0.133229 -2.482801 0.612234 4.791815 233 IMG_6560.jpg

234 0.598468 -0.633003 0.208018 -0.444828 -3.147154 0.494135 0.959875 234 IMG_6561.jpg

235 -0.658652 0.492939 -0.012199 0.568366 -2.088460 0.242575 -0.153691 235 IMG_6562.jpg

236 -0.642276 0.242926 0.295431 0.664220 0.110877 0.222884 -0.250726 236 IMG_6563.jpg

237 -0.122961 0.696687 -0.699246 -0.102773 0.220569 -0.150333 -1.781482 237 IMG_6564.jpg

238 0.310703 -0.741093 0.589763 -0.080146 2.759511 -0.069570 -1.499413 238 IMG_6565.jpg

239 -0.536300 0.703062 -0.297662 0.359839 4.407047 0.834608 1.366590 239 IMG_6566.jpg

240 0.665519 -0.491446 0.037598 -0.560492 3.197732 1.080270 5.438145 240 IMG_6567.jpg

241 0.530419 0.095994 -0.525409 -0.658321 -3.926356 0.871446 5.090224 241 IMG_6569.jpg

242 0.339272 0.332400 -0.719998 -0.505972 -4.556576 0.682250 1.026019 242 IMG_6570.jpg

243 0.170202 0.494607 -0.751136 -0.402728 -3.328855 0.282034 -0.461102 243 IMG_6571.jpg

244 -0.274204 -0.459110 0.452572 0.713589 -3.244987 -0.394960 1.477764 244 IMG_6572.jpg

245 -0.237671 -0.445819 0.420095 0.753842 -4.311528 -0.387322 1.552174 245 IMG_6573.jpg

246 0.712317 0.066092 0.039798 -0.697605 0.686485 -3.807051 5.428666 246 IMG_6575.jpg

247 0.825678 -0.169050 0.272343 -0.464228 3.550826 -2.772042 4.138519 247 IMG_6576.jpg

248 0.811488 -0.350920 0.446013 -0.139333 4.554058 -0.254387 1.334451 248 IMG_6577.jpg

249 -0.745158 0.462835 -0.476344 0.060162 3.247465 0.488228 0.629336 249 IMG_6578.jpg

250 0.375892 -0.612340 0.576823 0.388614 0.077584 1.688030 -1.378590 250 IMG_6579.jpg

251 -0.818482 0.345020 -0.419422 0.187438 1.621176 -0.053048 1.080199 251 IMG_6580.jpg

252 -0.817999 0.350551 -0.414144 0.190988 0.727884 -0.001926 0.959429 252 IMG_6581.jpg

253 0.827607 -0.354891 0.394130 -0.183798 -1.321555 -0.320850 1.063991 253 IMG_6583.jpg

254 0.855917 -0.173747 0.291697 -0.390040 -2.401850 0.043116 0.446918 254 IMG_6584.jpg

255 -0.728260 0.013252 -0.008816 0.685116 -1.863304 1.440151 -1.002938 255 IMG_6586.jpg

256 -0.800020 0.397221 -0.383865 0.234161 -4.194311 -0.579077 1.525982 256 IMG_6588.jpg

257 -0.769859 0.461779 -0.379159 0.224310 -4.996763 -0.840831 2.198350 257 IMG_6589.jpg

258 0.433008 -0.556251 0.539909 0.459986 1.604350 -3.223453 4.097425 258 IMG_6590.jpg

259 -0.429663 0.611752 -0.532311 -0.397234 -0.059345 -2.783570 4.435388 259 IMG_6591.jpg

260 -0.120328 0.554272 -0.471606 -0.675197 2.433469 -2.543416 3.768862 260 IMG_6592.jpg

261 0.182731 0.452569 -0.343668 -0.802298 0.512446 -0.273783 1.265362 261 IMG_6596.jpg

262 -0.159841 -0.468901 0.360637 0.790269 -0.687217 -0.253254 1.236813 262 IMG_6597.jpg

263 -0.195291 -0.459672 0.420468 0.757476 -2.147666 -0.003873 1.090362 263 IMG_6598.jpg

