1 PINHOLE 1600 892 951.853081 945.597589 800.000000 446.000000
2 PINHOLE 1600 892 951.718208 946.321143 800.000000 446.000000
3 PINHOLE 1600 892 950.610465 943.859579 800.000000 446.000000
4 PINHOLE 1600 892 951.757366 946.858766 800.000000 446.000000
5 PINHOLE 1600 892 951.301634 945.985272 800.000000 446.000000
6 PINHOLE 1600 892 951.668572 946.857522 800.000000 446.000000
7 PINHOLE 1600 892 951.401325 945.803454 800.000000 446.000000
8 PINHOLE 1600 892 951.424005 946.261982 800.000000 446.000000
9 PINHOLE 1600 892 951.505980 945.687144 800.000000 446.000000
10 PINHOLE 1600 892 951.066384 943.735359 800.000000 446.000000
11 PINHOLE 1600 892 950.800487 943.710606 800.000000 446.000000
12 PINHOLE 1600 892 949.499293 942.309482 800.000000 446.000000
13 PINHOLE 1600 892 951.308311 944.844887 800.000000 446.000000
14 PINHOLE 1600 892 951.755178 945.942955 800.000000 446.000000
15 PINHOLE 1600 892 952.508303 946.091408 800.000000 446.000000
16 PINHOLE 1600 892 952.401560 946.724386 800.000000 446.000000
17 PINHOLE 1600 892 952.466919 945.651423 800.000000 446.000000
18 PINHOLE 1600 892 952.966904 946.066188 800.000000 446.000000
19 PINHOLE 1600 892 953.003355 946.297595 800.000000 446.000000
20 PINHOLE 1600 892 952.186964 943.964159 800.000000 446.000000
21 PINHOLE 1600 892 948.355576 942.295611 800.000000 446.000000
22 PINHOLE 1600 892 948.473144 943.365990 800.000000 446.000000
23 PINHOLE 1600 892 949.743051 944.876108 800.000000 446.000000
24 PINHOLE 1600 892 950.596319 946.138780 800.000000 446.000000
25 PINHOLE 1600 892 949.823362 942.992640 800.000000 446.000000
26 PINHOLE 1600 892 950.444405 946.043454 800.000000 446.000000
27 PINHOLE 1600 892 950.406460 946.500709 800.000000 446.000000
28 PINHOLE 1600 892 951.820945 948.371369 800.000000 446.000000
29 PINHOLE 1600 892 952.158617 947.667458 800.000000 446.000000
30 PINHOLE 1600 892 951.893859 948.158426 800.000000 446.000000
31 PINHOLE 1600 892 951.870129 948.474566 800.000000 446.000000
32 PINHOLE 1600 892 952.825964 948.519638 800.000000 446.000000
33 PINHOLE 1600 892 952.786639 947.974897 800.000000 446.000000
34 PINHOLE 1600 892 951.909065 947.504017 800.000000 446.000000
35 PINHOLE 1600 892 952.258183 948.619338 800.000000 446.000000
36 PINHOLE 1600 892 952.218078 947.969763 800.000000 446.000000
37 PINHOLE 1600 892 953.129097 948.376139 800.000000 446.000000
38 PINHOLE 1600 892 951.755293 944.086825 800.000000 446.000000
39 PINHOLE 1600 892 951.691259 946.616159 800.000000 446.000000
40 PINHOLE 1600 892 952.618519 945.679985 800.000000 446.000000
41 PINHOLE 1600 892 950.947980 943.098009 800.000000 446.000000
42 PINHOLE 1600 892 951.937288 945.354051 800.000000 446.000000
43 PINHOLE 1600 892 952.241933 945.710813 800.000000 446.000000
44 PINHOLE 1600 892 952.403289 945.963053 800.000000 446.000000
45 PINHOLE 1600 892 948.253162 942.178553 800.000000 446.000000
46 PINHOLE 1600 892 952.066207 948.189826 800.000000 446.000000
47 PINHOLE 1600 892 950.983764 947.206497 800.000000 446.000000
48 PINHOLE 1600 892 951.410650 947.851256 800.000000 446.000000
49 PINHOLE 1600 892 951.527050 947.922533 800.000000 446.000000
50 PINHOLE 1600 892 950.666133 945.653979 800.000000 446.000000
51 PINHOLE 1600 892 949.963553 944.529192 800.000000 446.000000
52 PINHOLE 1600 892 951.529699 947.766498 800.000000 446.000000
53 PINHOLE 1600 892 951.290699 946.246845 800.000000 446.000000
54 PINHOLE 1600 892 950.806354 945.539379 800.000000 446.000000
55 PINHOLE 1600 892 951.121853 946.458647 800.000000 446.000000
56 PINHOLE 1600 892 950.854327 944.438213 800.000000 446.000000
57 PINHOLE 1600 892 950.845813 943.857685 800.000000 446.000000
58 PINHOLE 1600 892 951.567351 947.135601 800.000000 446.000000
59 PINHOLE 1600 892 950.852831 943.983606 800.000000 446.000000
60 PINHOLE 1600 892 952.030260 947.081996 800.000000 446.000000
61 PINHOLE 1600 892 951.502180 946.374824 800.000000 446.000000
62 PINHOLE 1600 892 951.413183 945.673410 800.000000 446.000000
63 PINHOLE 1600 892 952.161382 945.036838 800.000000 446.000000
64 PINHOLE 1600 892 952.210012 947.043991 800.000000 446.000000
65 PINHOLE 1600 892 951.724542 945.740401 800.000000 446.000000
66 PINHOLE 1600 892 950.804973 945.878791 800.000000 446.000000
67 PINHOLE 1600 892 951.081229 945.109082 800.000000 446.000000
68 PINHOLE 1600 892 950.896780 945.660627 800.000000 446.000000
69 PINHOLE 1600 892 951.497344 946.316023 800.000000 446.000000
70 PINHOLE 1600 892 951.442771 945.017939 800.000000 446.000000
71 PINHOLE 1600 892 948.910075 940.934938 800.000000 446.000000
72 PINHOLE 1600 892 951.069031 946.240264 800.000000 446.000000
73 PINHOLE 1600 892 951.208861 945.742301 800.000000 446.000000
74 PINHOLE 1600 892 951.674099 946.475033 800.000000 446.000000
75 PINHOLE 1600 892 951.202071 945.365221 800.000000 446.000000
76 PINHOLE 1600 892 951.157300 945.854018 800.000000 446.000000
77 PINHOLE 1600 892 951.491933 945.544418 800.000000 446.000000
78 PINHOLE 1600 892 952.060676 947.977977 800.000000 446.000000
79 PINHOLE 1600 892 953.009814 948.733449 800.000000 446.000000
80 PINHOLE 1600 892 950.267573 943.262028 800.000000 446.000000
81 PINHOLE 1600 892 950.189057 945.327914 800.000000 446.000000
82 PINHOLE 1600 892 950.676485 945.358577 800.000000 446.000000
83 PINHOLE 1600 892 950.669238 945.980083 800.000000 446.000000
84 PINHOLE 1600 892 951.049814 946.999473 800.000000 446.000000
85 PINHOLE 1600 892 950.372541 944.571989 800.000000 446.000000
86 PINHOLE 1600 892 950.357594 944.414523 800.000000 446.000000
87 PINHOLE 1600 892 950.091813 944.571333 800.000000 446.000000
88 PINHOLE 1600 892 950.336439 944.825848 800.000000 446.000000
89 PINHOLE 1600 892 951.744697 946.187400 800.000000 446.000000
90 PINHOLE 1600 892 950.372426 943.731574 800.000000 446.000000
91 PINHOLE 1600 892 950.765171 943.574118 800.000000 446.000000
92 PINHOLE 1600 892 949.834163 942.682027 800.000000 446.000000
93 PINHOLE 1600 892 950.233775 942.814597 800.000000 446.000000
94 PINHOLE 1600 892 950.678670 944.990066 800.000000 446.000000
95 PINHOLE 1600 892 950.777019 945.272651 800.000000 446.000000
96 PINHOLE 1600 892 951.474202 945.537626 800.000000 446.000000
97 PINHOLE 1600 892 951.187799 947.497275 800.000000 446.000000
98 PINHOLE 1600 892 951.188605 943.911575 800.000000 446.000000
99 PINHOLE 1600 892 952.016665 947.282016 800.000000 446.000000
100 PINHOLE 1600 892 951.345377 946.799404 800.000000 446.000000
101 PINHOLE 1600 892 951.974038 946.462743 800.000000 446.000000
102 PINHOLE 1600 892 951.360573 945.240751 800.000000 446.000000
103 PINHOLE 1600 892 951.063853 944.691940 800.000000 446.000000
104 PINHOLE 1600 892 950.641749 944.461102 800.000000 446.000000
105 PINHOLE 1600 892 950.657621 945.099668 800.000000 446.000000
106 PINHOLE 1600 892 950.455559 944.881433 800.000000 446.000000
107 PINHOLE 1600 892 952.189615 946.859132 800.000000 446.000000
108 PINHOLE 1600 892 950.338968 945.815145 800.000000 446.000000
109 PINHOLE 1600 892 951.039112 946.114801 800.000000 446.000000
110 PINHOLE 1600 892 951.830966 946.763248 800.000000 446.000000
111 PINHOLE 1600 892 953.009814 945.680569 800.000000 446.000000
112 PINHOLE 1600 892 951.954453 946.433631 800.000000 446.000000
113 PINHOLE 1600 892 951.946043 945.608546 800.000000 446.000000
114 PINHOLE 1600 892 951.021161 943.790039 800.000000 446.000000
115 PINHOLE 1600 892 951.001369 944.422323 800.000000 446.000000
116 PINHOLE 1600 892 951.731683 946.227907 800.000000 446.000000
117 PINHOLE 1600 892 951.555145 945.576262 800.000000 446.000000
118 PINHOLE 1600 892 952.147555 947.217191 800.000000 446.000000
119 PINHOLE 1600 892 952.002494 944.925132 800.000000 446.000000
120 PINHOLE 1600 892 951.439317 945.128933 800.000000 446.000000
121 PINHOLE 1600 892 950.893213 943.992565 800.000000 446.000000
122 PINHOLE 1600 892 952.247695 946.267905 800.000000 446.000000
123 PINHOLE 1600 892 952.844301 947.032496 800.000000 446.000000
124 PINHOLE 1600 892 951.555836 944.818919 800.000000 446.000000
125 PINHOLE 1600 892 950.958105 944.783032 800.000000 446.000000
126 PINHOLE 1600 892 951.001139 944.611363 800.000000 446.000000
127 PINHOLE 1600 892 951.349061 946.026423 800.000000 446.000000
128 PINHOLE 1600 892 950.470738 944.400310 800.000000 446.000000
129 PINHOLE 1600 892 950.179861 946.364219 800.000000 446.000000
130 PINHOLE 1600 892 951.451751 945.956841 800.000000 446.000000
131 PINHOLE 1600 892 951.198042 945.037859 800.000000 446.000000
132 PINHOLE 1600 892 951.353896 945.516447 800.000000 446.000000
133 PINHOLE 1600 892 950.897355 945.242138 800.000000 446.000000
134 PINHOLE 1600 892 951.117940 945.213524 800.000000 446.000000
135 PINHOLE 1600 892 949.941718 942.260970 800.000000 446.000000
136 PINHOLE 1600 892 949.612318 943.586346 800.000000 446.000000
137 PINHOLE 1600 892 948.957936 942.593664 800.000000 446.000000
138 PINHOLE 1600 892 950.698799 944.842042 800.000000 446.000000
139 PINHOLE 1600 892 952.156197 946.617257 800.000000 446.000000
140 PINHOLE 1600 892 952.590849 946.946905 800.000000 446.000000
141 PINHOLE 1600 892 951.897891 945.904660 800.000000 446.000000
142 PINHOLE 1600 892 952.412395 946.792597 800.000000 446.000000
143 PINHOLE 1600 892 948.491613 941.313048 800.000000 446.000000
144 PINHOLE 1600 892 949.576479 940.374862 800.000000 446.000000
145 PINHOLE 1600 892 951.233723 945.121051 800.000000 446.000000
146 PINHOLE 1600 892 950.879982 945.365294 800.000000 446.000000
147 PINHOLE 1600 892 951.184807 946.379139 800.000000 446.000000
148 PINHOLE 1600 892 948.213370 941.987985 800.000000 446.000000
149 PINHOLE 1600 892 952.217502 948.327115 800.000000 446.000000
150 PINHOLE 1600 892 952.644692 947.459097 800.000000 446.000000
151 PINHOLE 1600 892 948.792214 943.954327 800.000000 446.000000
152 PINHOLE 1600 892 950.984915 942.557116 800.000000 446.000000
153 PINHOLE 1600 892 950.939120 944.964456 800.000000 446.000000
154 PINHOLE 1600 892 951.870475 944.730884 800.000000 446.000000
155 PINHOLE 1600 892 951.857574 945.177759 800.000000 446.000000
156 PINHOLE 1600 892 952.152740 946.954593 800.000000 446.000000
157 PINHOLE 1600 892 951.265836 944.363793 800.000000 446.000000
158 PINHOLE 1600 892 951.395915 947.634180 800.000000 446.000000
159 PINHOLE 1600 892 951.679512 946.109245 800.000000 446.000000
160 PINHOLE 1600 892 950.996076 944.106349 800.000000 446.000000
161 PINHOLE 1600 892 952.178091 946.200853 800.000000 446.000000
162 PINHOLE 1600 892 950.764941 947.184451 800.000000 446.000000
163 PINHOLE 1600 892 949.883457 947.601637 800.000000 446.000000
164 PINHOLE 1600 892 951.548467 948.810563 800.000000 446.000000
165 PINHOLE 1600 892 950.060206 943.930220 800.000000 446.000000
166 PINHOLE 1600 892 951.053611 945.945294 800.000000 446.000000
167 PINHOLE 1600 892 953.679708 947.612557 800.000000 446.000000
168 PINHOLE 1600 892 952.696809 945.984541 800.000000 446.000000
169 PINHOLE 1600 892 951.756099 944.844011 800.000000 446.000000
170 PINHOLE 1600 892 950.561242 944.943444 800.000000 446.000000
171 PINHOLE 1600 892 950.209864 942.952360 800.000000 446.000000
172 PINHOLE 1600 892 950.716168 945.881714 800.000000 446.000000
173 PINHOLE 1600 892 951.493890 946.824729 800.000000 446.000000
174 PINHOLE 1600 892 951.161558 946.317705 800.000000 446.000000
175 PINHOLE 1600 892 951.772915 946.481763 800.000000 446.000000
176 PINHOLE 1600 892 950.541576 944.004365 800.000000 446.000000
177 PINHOLE 1600 892 952.063902 946.297814 800.000000 446.000000
178 PINHOLE 1600 892 950.774719 945.305939 800.000000 446.000000
179 PINHOLE 1600 892 950.607130 945.349743 800.000000 446.000000
180 PINHOLE 1600 892 950.784727 944.249813 800.000000 446.000000
181 PINHOLE 1600 892 951.027605 945.091057 800.000000 446.000000
182 PINHOLE 1600 892 951.925307 945.630824 800.000000 446.000000
183 PINHOLE 1600 892 951.411111 945.707891 800.000000 446.000000
184 PINHOLE 1600 892 951.177556 945.135574 800.000000 446.000000
185 PINHOLE 1600 892 950.274586 943.699395 800.000000 446.000000
186 PINHOLE 1600 892 950.297579 943.711553 800.000000 446.000000
187 PINHOLE 1600 892 950.560782 944.096296 800.000000 446.000000
188 PINHOLE 1600 892 952.010674 946.783960 800.000000 446.000000
189 PINHOLE 1600 892 952.122896 945.761808 800.000000 446.000000
190 PINHOLE 1600 892 951.410535 945.451673 800.000000 446.000000
191 PINHOLE 1600 892 951.401901 945.251554 800.000000 446.000000
192 PINHOLE 1600 892 950.799682 944.838540 800.000000 446.000000
193 PINHOLE 1600 892 950.815902 944.731832 800.000000 446.000000
194 PINHOLE 1600 892 949.862314 942.439134 800.000000 446.000000
195 PINHOLE 1600 892 949.681932 947.028981 800.000000 446.000000
196 PINHOLE 1600 892 951.878193 946.890755 800.000000 446.000000
197 PINHOLE 1600 892 951.904687 946.417758 800.000000 446.000000
198 PINHOLE 1600 892 950.516621 943.864968 800.000000 446.000000
199 PINHOLE 1600 892 951.992931 946.174166 800.000000 446.000000
200 PINHOLE 1600 892 952.641579 946.496028 800.000000 446.000000
201 PINHOLE 1600 892 952.527325 945.806231 800.000000 446.000000
202 PINHOLE 1600 892 951.107698 944.410879 800.000000 446.000000
203 PINHOLE 1600 892 951.199769 945.109666 800.000000 446.000000
204 PINHOLE 1600 892 951.705770 946.347178 800.000000 446.000000
205 PINHOLE 1600 892 952.127851 947.224515 800.000000 446.000000
206 PINHOLE 1600 892 952.553495 947.107626 800.000000 446.000000
207 PINHOLE 1600 892 952.346004 945.893187 800.000000 446.000000
208 PINHOLE 1600 892 952.143637 945.550626 800.000000 446.000000
209 PINHOLE 1600 892 951.697823 944.989409 800.000000 446.000000
210 PINHOLE 1600 892 952.977632 947.797585 800.000000 446.000000
211 PINHOLE 1600 892 953.119637 946.876115 800.000000 446.000000
212 PINHOLE 1600 892 952.254841 945.465328 800.000000 446.000000
213 PINHOLE 1600 892 951.359767 945.760127 800.000000 446.000000
214 PINHOLE 1600 892 952.564447 946.943684 800.000000 446.000000
215 PINHOLE 1600 892 951.898582 946.205459 800.000000 446.000000
216 PINHOLE 1600 892 951.913212 947.448033 800.000000 446.000000
217 PINHOLE 1600 892 951.126111 946.301251 800.000000 446.000000
218 PINHOLE 1600 892 952.235941 947.631468 800.000000 446.000000
219 PINHOLE 1600 892 950.991588 945.176372 800.000000 446.000000
220 PINHOLE 1600 892 952.320763 945.365805 800.000000 446.000000
221 PINHOLE 1600 892 950.829592 942.572229 800.000000 446.000000
222 PINHOLE 1600 892 950.893558 941.589413 800.000000 446.000000
223 PINHOLE 1600 892 950.526741 943.798922 800.000000 446.000000
224 PINHOLE 1600 892 951.245693 946.526753 800.000000 446.000000
225 PINHOLE 1600 892 951.243967 945.091640 800.000000 446.000000
226 PINHOLE 1600 892 951.507822 944.728477 800.000000 446.000000
227 PINHOLE 1600 892 951.456817 945.143310 800.000000 446.000000
228 PINHOLE 1600 892 951.834767 946.097622 800.000000 446.000000
229 PINHOLE 1600 892 950.963743 945.989584 800.000000 446.000000
230 PINHOLE 1600 892 951.454975 947.195584 800.000000 446.000000
231 PINHOLE 1600 892 950.779205 948.007094 800.000000 446.000000
232 PINHOLE 1600 892 949.761548 944.406505 800.000000 446.000000
233 PINHOLE 1600 892 950.699604 944.649645 800.000000 446.000000
234 PINHOLE 1600 892 950.408070 944.549679 800.000000 446.000000
235 PINHOLE 1600 892 950.553537 945.707818 800.000000 446.000000
236 PINHOLE 1600 892 950.891717 948.279857 800.000000 446.000000
237 PINHOLE 1600 892 951.223939 948.453426 800.000000 446.000000
238 PINHOLE 1600 892 951.407542 947.978270 800.000000 446.000000
239 PINHOLE 1600 892 951.365983 944.508415 800.000000 446.000000
240 PINHOLE 1600 892 951.770035 946.947125 800.000000 446.000000
241 PINHOLE 1600 892 951.858841 945.518346 800.000000 446.000000
242 PINHOLE 1600 892 951.288627 945.163381 800.000000 446.000000
243 PINHOLE 1600 892 950.919100 945.940105 800.000000 446.000000
244 PINHOLE 1600 892 951.561363 946.982487 800.000000 446.000000
245 PINHOLE 1600 892 951.181699 946.193395 800.000000 446.000000
246 PINHOLE 1600 892 951.679512 946.072986 800.000000 446.000000
247 PINHOLE 1600 892 951.783396 946.148504 800.000000 446.000000
248 PINHOLE 1600 892 951.997309 946.404007 800.000000 446.000000
249 PINHOLE 1600 892 952.402252 947.049410 800.000000 446.000000
250 PINHOLE 1600 892 951.848819 945.072959 800.000000 446.000000
251 PINHOLE 1600 892 951.484794 944.790691 800.000000 446.000000