1 0.944378 -0.034601 0.327020 0.003255 -1.233601 -0.470501 3.948838 1 000001.jpg

2 0.945207 -0.032994 0.324750 0.005640 -1.175179 -0.513255 4.070951 2 000002.jpg

3 -0.932378 0.032046 -0.359956 -0.008733 -0.870703 -0.534994 4.322635 3 000003.jpg

4 0.917906 -0.033496 0.395097 0.015023 -0.555018 -0.560592 4.423834 4 000004.jpg

5 0.927612 -0.033473 0.371772 0.014157 -0.731984 -0.552227 4.349442 5 000005.jpg

6 0.945126 -0.034547 0.324705 0.010486 -1.029715 -0.527555 4.192906 6 000006.jpg

7 0.954275 -0.035456 0.296764 0.005701 -1.147247 -0.474642 3.958685 7 000007.jpg

8 -0.956468 0.039308 -0.289127 -0.005359 -1.010158 -0.434984 3.794466 8 000008.jpg

9 0.966001 -0.041735 0.255125 0.003319 -1.042553 -0.417339 3.535663 9 000009.jpg

10 0.961835 -0.044423 0.269935 0.006004 -0.771031 -0.390862 3.329035 10 000010.jpg

11 0.954642 -0.048145 0.293614 0.011526 -0.357533 -0.354877 3.112526 11 000011.jpg

12 0.933352 -0.053770 0.354351 0.019975 0.238407 -0.302899 2.922949 12 000012.jpg

13 0.935048 -0.059903 0.348570 0.024440 0.516718 -0.283372 2.814147 13 000013.jpg

14 -0.948320 0.062507 -0.310079 -0.025169 0.511853 -0.252463 2.759964 14 000014.jpg

15 -0.969364 0.065605 -0.235788 -0.020816 0.288805 -0.249302 2.887645 15 000015.jpg

16 0.986215 -0.064891 0.151471 0.015048 -0.046221 -0.258791 2.880353 16 000016.jpg

17 -0.996862 0.062898 -0.047652 -0.006237 -0.578922 -0.272912 2.825634 17 000017.jpg

18 -0.997443 0.058708 0.040668 0.002736 -1.130148 -0.344314 2.727301 18 000018.jpg

19 0.994355 -0.051406 -0.092345 -0.009435 -1.536765 -0.388407 2.673949 19 000019.jpg

20 0.994735 -0.013672 -0.100207 -0.016585 -1.639075 -0.545347 2.608049 20 000020.jpg

21 -0.992448 -0.035677 0.113521 0.029772 -1.635588 -0.667829 2.443555 21 000021.jpg

22 0.979159 0.047387 -0.189961 -0.054010 -1.883286 -0.550611 2.042984 22 000022.jpg

23 0.960888 0.046778 -0.259178 -0.085638 -1.892999 -0.396885 1.763878 23 000023.jpg

24 -0.948119 -0.041220 0.294196 0.113227 -1.678280 -0.286675 1.582921 24 000024.jpg

25 0.937568 0.035181 -0.320124 -0.131339 -1.481328 -0.242709 1.528075 25 000025.jpg

26 0.912684 0.034981 -0.378800 -0.149313 -1.373290 -0.215644 1.365768 26 000026.jpg

27 0.886669 0.030102 -0.432682 -0.160309 -1.185452 -0.202176 1.359004 27 000027.jpg

28 0.875771 0.024248 -0.452455 -0.166499 -0.894980 -0.228440 1.408815 28 000028.jpg

29 -0.863311 -0.019715 0.476263 0.165766 -0.655565 -0.257607 1.536622 29 000029.jpg

30 -0.854881 -0.019394 0.491251 0.165752 -0.484185 -0.314006 1.646711 30 000030.jpg

31 0.845540 0.017184 -0.508076 -0.163172 -0.415805 -0.340449 1.854819 31 000031.jpg

32 -0.851644 -0.013985 0.498118 0.162434 -0.436575 -0.353388 2.035303 32 000032.jpg

33 0.878646 0.009343 -0.451779 -0.154242 -0.269868 -0.421571 2.258407 33 000033.jpg

34 -0.905667 -0.010532 0.397675 0.146663 -0.272026 -0.396011 2.287637 34 000034.jpg

35 -0.930301 -0.008769 0.340687 0.135628 -0.324464 -0.410378 2.423715 35 000035.jpg

36 -0.955029 -0.008110 0.269941 0.122419 -0.342760 -0.402530 2.594197 36 000036.jpg

37 0.976210 0.007906 -0.188676 -0.106549 -0.212693 -0.419732 2.755525 37 000037.jpg

38 -0.992394 -0.006589 0.087760 0.086073 0.052270 -0.397441 2.794146 38 000038.jpg

39 0.997829 0.009741 -0.002801 -0.065069 0.199414 -0.380812 2.781399 39 000039.jpg

40 0.997880 0.013847 0.040621 -0.048932 0.208950 -0.420404 2.943342 40 000040.jpg

41 0.995342 0.024149 0.085425 -0.037600 0.194352 -0.524318 3.020782 41 000041.jpg

42 0.993693 0.032094 0.103164 -0.030010 0.082290 -0.634760 3.317605 42 000042.jpg

43 -0.994133 -0.039420 -0.096232 0.029770 -0.230199 -0.742667 3.584261 43 000043.jpg

44 -0.997667 -0.053605 -0.020363 0.037039 -0.988461 -0.854929 3.635419 44 000044.jpg

45 -0.992938 -0.065532 0.084384 0.051574 -1.521407 -0.806884 3.432617 45 000045.jpg

46 0.982029 0.068037 -0.160654 -0.071968 -1.694661 -0.709037 3.148263 46 000046.jpg

47 -0.972875 -0.063815 0.204366 0.087615 -1.564006 -0.644053 2.976569 47 000047.jpg

48 -0.962792 -0.054527 0.245514 0.098897 -1.328225 -0.540621 2.882135 48 000048.jpg

49 0.956843 0.049339 -0.265794 -0.106633 -0.944502 -0.498631 2.827779 49 000049.jpg

50 0.955073 0.044716 -0.271978 -0.108921 -0.515898 -0.547283 2.894591 50 000050.jpg

51 0.951177 0.042617 -0.285334 -0.109689 -0.161026 -0.569094 2.888536 51 000051.jpg

52 -0.945573 -0.042179 0.303255 0.110222 0.198671 -0.629708 2.950361 52 000052.jpg

53 0.940208 0.042836 -0.318912 -0.111669 0.492403 -0.675746 3.030473 53 000053.jpg

54 0.931622 0.045418 -0.342046 -0.114115 0.687315 -0.751384 3.067533 54 000054.jpg

55 0.913899 0.047679 -0.385227 -0.118807 0.790190 -0.839330 3.178140 55 000055.jpg

56 -0.893946 -0.051512 0.426921 0.126277 0.808359 -0.927542 3.252387 56 000056.jpg

57 -0.865046 -0.055974 0.479856 0.135282 0.671218 -0.989845 3.326856 57 000057.jpg

58 0.831741 0.058966 -0.531853 -0.147863 0.502594 -1.014357 3.318104 58 000058.jpg

59 0.806972 0.060306 -0.565921 -0.157773 0.511495 -1.090870 3.448874 59 000059.jpg

60 0.780998 0.059655 -0.598442 -0.168378 0.557292 -1.156849 3.594506 60 000060.jpg

61 0.789931 0.053516 -0.584964 -0.175962 0.821152 -1.072531 3.730669 61 000061.jpg

62 -0.790018 -0.034970 0.589704 0.164006 0.921131 -0.839223 3.814359 62 000062.jpg

63 -0.752617 -0.036789 0.637509 0.160611 0.751526 -0.840980 3.841987 63 000063.jpg

64 0.682599 0.044133 -0.711114 -0.162569 0.336187 -0.912202 3.977630 64 000064.jpg

65 0.619213 0.047668 -0.765899 -0.166439 0.057629 -0.935512 4.068203 65 000065.jpg

66 0.571090 0.050433 -0.801006 -0.172344 -0.089289 -0.954793 3.999345 66 000066.jpg

67 0.492080 0.053752 -0.851222 -0.174327 -0.488714 -1.002842 4.076306 67 000067.jpg

68 -0.454147 -0.052754 0.870703 0.181229 -0.475540 -1.065569 4.041282 68 000068.jpg

69 0.430501 0.053616 -0.880853 -0.189451 -0.256990 -1.118136 3.956224 69 000069.jpg

70 -0.417857 -0.056445 0.883080 0.205861 -0.011269 -1.191062 3.788691 70 000070.jpg

71 -0.407981 -0.055570 0.884173 0.220683 0.159257 -1.254820 3.597712 71 000071.jpg

72 0.384021 0.052261 -0.893906 -0.225232 0.353866 -1.241541 3.667361 72 000072.jpg

73 0.334767 0.044721 -0.913483 -0.226891 0.362528 -1.198801 3.736209 73 000073.jpg

74 -0.299149 -0.034252 0.926109 0.227283 0.506334 -1.208489 3.866457 74 000074.jpg

75 0.282281 0.023517 -0.931800 -0.226965 0.811574 -1.210338 4.030876 75 000075.jpg

76 0.276031 0.016897 -0.934200 -0.225370 1.176212 -1.226352 4.159237 76 000076.jpg

77 0.265086 0.013693 -0.938098 -0.222518 1.544675 -1.289991 4.385403 77 000077.jpg

78 0.260358 0.011824 -0.940145 -0.219550 1.931639 -1.327082 4.521636 78 000078.jpg

79 -0.229573 -0.013520 0.948658 0.217166 1.932607 -1.401579 4.726286 79 000079.jpg

80 -0.171072 -0.014711 0.961566 0.214265 1.558244 -1.484769 4.909451 80 000080.jpg

81 0.178146 0.004897 -0.965427 -0.190238 1.730506 -1.282364 4.937789 81 000081.jpg

82 0.239773 -0.000546 -0.957183 -0.162203 2.174993 -0.944633 4.645159 82 000082.jpg

83 0.280972 0.009312 -0.946981 -0.155547 2.244026 -0.772342 4.251858 83 000083.jpg

84 -0.295811 -0.021904 0.943676 0.146601 1.950319 -0.591903 4.143236 84 000084.jpg

85 -0.315507 -0.032508 0.938013 0.139754 1.717697 -0.456206 3.982680 85 000085.jpg

86 -0.372575 -0.040083 0.917227 0.135189 1.728676 -0.418077 3.793106 86 000086.jpg

87 -0.421586 -0.047754 0.896065 0.130585 1.658028 -0.384506 3.595506 87 000087.jpg

88 0.437109 0.057507 -0.888350 -0.128305 1.284470 -0.400744 3.618778 88 000088.jpg

89 0.437543 0.065995 -0.887428 -0.129122 0.869576 -0.440809 3.673694 89 000089.jpg

90 0.406039 0.077977 -0.900008 -0.137979 0.388632 -0.534124 3.557498 90 000090.jpg

91 -0.351521 -0.084604 0.920034 0.151041 -0.066452 -0.652485 3.329903 91 000091.jpg

92 -0.313489 -0.081585 0.932988 0.156850 -0.200404 -0.684518 3.138677 92 000092.jpg

93 0.261155 0.076051 -0.948484 -0.162457 -0.244174 -0.705366 3.005718 93 000093.jpg

94 0.242100 0.065614 -0.953393 -0.167704 0.043665 -0.726983 3.112905 94 000094.jpg

95 0.241153 0.056162 -0.952757 -0.175913 0.386155 -0.757214 3.123128 95 000095.jpg

96 -0.206330 -0.052162 0.961117 0.175957 0.492068 -0.799020 3.344170 96 000096.jpg

97 -0.117449 -0.044084 0.982747 0.135909 0.200861 -0.420731 3.682326 97 000097.jpg

98 0.023559 0.048655 -0.990171 -0.128990 -0.210632 -0.367416 3.892284 98 000098.jpg

99 -0.054920 0.055493 -0.989395 -0.122480 -0.528515 -0.343896 4.112758 99 000099.jpg

100 -0.102837 0.063365 -0.985226 -0.121407 -0.631652 -0.347247 4.230330 100 000100.jpg

101 -0.126461 0.070660 -0.982128 -0.120167 -0.485072 -0.363894 4.403570 101 000101.jpg

102 -0.113266 0.075819 -0.982471 -0.127170 -0.029918 -0.383875 4.464449 102 000102.jpg

103 -0.122027 0.081541 -0.980471 -0.130911 0.255449 -0.373936 4.543973 103 000103.jpg

104 -0.133951 0.085253 -0.978010 -0.135222 0.537124 -0.427142 4.540861 104 000104.jpg

105 -0.170564 0.088712 -0.972357 -0.132512 0.558598 -0.439596 4.654789 105 000105.jpg

106 0.203180 -0.088330 0.966254 0.131409 0.513394 -0.468127 4.660805 106 000106.jpg

107 0.233953 -0.082688 0.960073 0.129185 0.558902 -0.483780 4.754796 107 000107.jpg

108 -0.236101 0.043467 -0.962995 -0.122509 0.840358 -0.529610 4.626561 108 000108.jpg

109 -0.269740 0.039568 -0.955761 -0.110429 0.805945 -0.410846 4.718378 109 000109.jpg

110 0.351962 -0.037455 0.930326 0.095990 0.301090 -0.293910 4.890494 110 000110.jpg

111 0.431365 -0.033524 0.897295 0.087532 -0.237408 -0.301312 5.086709 111 000111.jpg

112 -0.487631 0.021897 -0.867752 -0.093499 -0.519093 -0.455714 5.071833 112 000112.jpg

113 -0.535303 0.010058 -0.839320 -0.094289 -0.660054 -0.568836 5.082560 113 000113.jpg

114 -0.576250 -0.005304 -0.811390 -0.097749 -0.729845 -0.714976 4.995697 114 000114.jpg

115 -0.618549 -0.017435 -0.780264 -0.090999 -0.868864 -0.820736 5.071412 115 000115.jpg

116 -0.669916 -0.010934 -0.739930 -0.059971 -1.191183 -0.593608 5.085233 116 000116.jpg

117 -0.681277 -0.016247 -0.730004 -0.051880 -1.018173 -0.608305 5.129692 117 000117.jpg

118 -0.693739 -0.015464 -0.718506 -0.047297 -0.942474 -0.556783 5.162679 118 000118.jpg

119 -0.715346 -0.016930 -0.697148 -0.044476 -1.109565 -0.564158 5.285747 119 000119.jpg

120 0.716439 0.021519 0.695099 0.055583 -0.795929 -0.726617 5.270362 120 000120.jpg

121 0.718623 0.005225 0.690038 0.086029 -0.524849 -0.865710 5.085007 121 000121.jpg

122 -0.742088 -0.006371 -0.664110 -0.090686 -0.522159 -0.955271 4.982244 122 000122.jpg

123 0.807665 0.017402 0.585129 0.070699 -1.216869 -0.964074 4.882610 123 000123.jpg

124 0.865966 0.026799 0.496277 0.055619 -1.883324 -0.986313 4.706038 124 000124.jpg

125 0.898369 0.030979 0.436074 0.042576 -2.173430 -0.946908 4.530603 125 000125.jpg

126 -0.916252 -0.034190 -0.397794 -0.032758 -2.207799 -0.970234 4.642082 126 000126.jpg

127 -0.923184 -0.035752 -0.381782 -0.026367 -2.003057 -0.905938 4.814615 127 000127.jpg

128 -0.926478 -0.038910 -0.373657 -0.022461 -1.711128 -0.897281 4.955174 128 000128.jpg

129 0.928812 0.035079 0.368370 0.019541 -1.441228 -0.836138 4.985375 129 000129.jpg

130 0.943977 0.023579 0.328908 0.013107 -1.556017 -0.736810 4.695692 130 000130.jpg

131 0.965353 0.022254 0.259888 0.007462 -1.911637 -0.755024 4.344866 131 000131.jpg

132 0.967266 0.018553 0.253035 0.005065 -1.595253 -0.746533 4.154759 132 000132.jpg

133 -0.964049 -0.018863 -0.264937 -0.007898 -1.276982 -0.739683 3.837255 133 000133.jpg

134 0.966597 0.017552 0.255468 0.010871 -1.085696 -0.709779 3.547219 134 000134.jpg

135 -0.959689 -0.018209 -0.280107 -0.014321 -0.688464 -0.701518 3.202647 135 000135.jpg

136 -0.945717 -0.016014 -0.323893 -0.021357 -0.129971 -0.618177 2.889172 136 000136.jpg

137 -0.930607 -0.012640 -0.364638 -0.029152 0.403000 -0.501707 2.556108 137 000137.jpg

138 -0.930850 -0.005378 -0.363893 -0.032740 0.659573 -0.462511 2.409096 138 000138.jpg

139 -0.952901 0.000825 -0.301718 -0.030731 0.607320 -0.436381 2.444576 139 000139.jpg

140 0.981986 0.001092 0.187721 0.021536 0.247548 -0.456983 2.438728 140 000140.jpg

141 -0.998493 -0.004013 -0.054570 -0.004292 -0.214444 -0.424167 2.302750 141 000141.jpg

142 -0.999075 -0.007154 0.040386 0.012958 -0.403525 -0.351070 2.016552 142 000142.jpg

143 -0.989861 -0.009304 0.139158 0.026910 -0.547851 -0.165710 1.853424 143 000143.jpg

144 0.967062 0.012944 -0.250242 -0.044749 -0.749876 -0.069676 1.641759 144 000144.jpg

145 -0.929747 -0.017804 0.362122 0.064192 -0.842639 -0.091462 1.533717 145 000145.jpg

146 -0.897065 -0.034463 0.431986 0.086454 -0.780468 -0.147645 1.391774 146 000146.jpg

147 0.868095 0.049475 -0.481250 -0.111185 -0.610017 -0.235993 1.438514 147 000147.jpg

148 -0.840808 -0.056176 0.521550 0.133689 -0.565545 -0.286866 1.479469 148 000148.jpg

149 -0.814757 -0.053827 0.555685 0.156487 -0.709951 -0.387450 1.780995 149 000149.jpg

150 -0.831398 -0.045701 0.526027 0.173164 -0.550005 -0.518909 2.098778 150 000150.jpg

151 -0.848894 -0.047947 0.493569 0.182951 -0.232171 -0.661024 2.226578 151 000151.jpg

152 -0.849313 -0.054059 0.488782 0.191930 -0.045250 -0.824974 2.444321 152 000152.jpg

153 -0.839925 -0.062426 0.498801 0.204515 0.097832 -0.948655 2.579583 153 000153.jpg

154 0.817503 0.064705 -0.529617 -0.216811 0.192371 -1.114615 2.790286 154 000154.jpg

155 -0.780355 -0.066170 0.578037 0.229217 0.056387 -1.195762 2.925320 155 000155.jpg

156 -0.736106 -0.066130 0.628257 0.243039 -0.124604 -1.312881 3.109167 156 000156.jpg

157 -0.696136 -0.061969 0.669975 0.250378 -0.248010 -1.388945 3.315506 157 000157.jpg

158 0.663838 0.061452 -0.698816 -0.259227 -0.226455 -1.451938 3.342713 158 000158.jpg

159 -0.639772 -0.056880 0.720171 0.262316 -0.126634 -1.455632 3.312820 159 000159.jpg

160 -0.594164 -0.055750 0.757056 0.265946 -0.180414 -1.463767 3.325966 160 000160.jpg

161 0.536448 0.053492 -0.796368 -0.274154 -0.375253 -1.544187 3.406149 161 000161.jpg

162 0.474339 0.047384 -0.831731 -0.284573 -0.509598 -1.471484 3.304584 162 000162.jpg

163 -0.445208 -0.029245 0.848130 0.285675 -0.392816 -1.392592 3.231602 163 000163.jpg

164 -0.454586 -0.004767 0.858432 0.237533 -0.006756 -1.077514 3.289037 164 000164.jpg

165 0.450250 0.008048 -0.864427 -0.223555 0.279753 -0.917885 3.127803 165 000165.jpg

166 0.454064 0.010730 -0.865677 -0.210508 0.609377 -0.774372 2.946094 166 000166.jpg

167 -0.456609 -0.015242 0.866619 0.200620 0.899936 -0.699279 2.737946 167 000167.jpg

168 0.377972 0.029790 -0.904711 -0.194289 0.747319 -0.698006 2.887691 168 000168.jpg

169 0.269703 0.040928 -0.942726 -0.191972 0.434878 -0.704495 3.070963 169 000169.jpg

170 0.160544 0.045945 -0.967211 -0.191357 0.057971 -0.700287 3.109794 170 000170.jpg

171 0.050814 0.049268 -0.979740 -0.187349 -0.310803 -0.713821 3.178165 171 000171.jpg

172 0.074717 -0.050688 0.978886 0.183387 -0.821979 -0.704389 3.111415 172 000172.jpg

173 0.123328 -0.045609 0.974762 0.180412 -0.772476 -0.696964 3.198590 173 000173.jpg

174 0.144328 -0.043547 0.971911 0.180728 -0.556463 -0.687299 3.224579 174 000174.jpg

175 0.158794 -0.042886 0.969484 0.181783 -0.308644 -0.737581 3.434311 175 000175.jpg

176 -0.162583 0.043124 -0.968270 -0.184826 0.039061 -0.771651 3.617910 176 000176.jpg

177 0.178112 -0.042601 0.965098 0.187208 0.321795 -0.843145 3.760991 177 000177.jpg

178 0.191536 -0.041066 0.961618 0.192142 0.698321 -0.844884 3.724288 178 000178.jpg

179 0.216722 -0.037941 0.955787 0.195097 0.912780 -0.856087 3.715494 179 000179.jpg

180 0.265731 -0.036042 0.943720 0.193598 0.930060 -0.895926 3.833965 180 000180.jpg

181 -0.335083 0.029935 -0.922033 -0.191519 0.701860 -0.958630 3.956964 181 000181.jpg

182 0.451207 -0.022492 0.873679 0.180531 -0.015325 -1.042828 4.116432 182 000182.jpg

183 0.511157 -0.004992 0.841602 0.174355 -0.244296 -1.119710 4.145952 183 000183.jpg

184 -0.548399 -0.012880 -0.818136 -0.172472 -0.273349 -1.259366 4.289658 184 000184.jpg

185 0.572687 0.026902 0.801714 0.168999 -0.145970 -1.336878 4.282000 185 000185.jpg

186 -0.601620 -0.038602 -0.780968 -0.163254 -0.090813 -1.392198 4.313354 186 000186.jpg

187 0.629628 0.048811 0.759529 0.155893 -0.051362 -1.416560 4.268878 187 000187.jpg

188 -0.680507 -0.058048 -0.715995 -0.144543 -0.310967 -1.435046 4.230011 188 000188.jpg

189 -0.747773 -0.068097 -0.647807 -0.128622 -0.810324 -1.416157 4.076282 189 000189.jpg

190 -0.808614 -0.082126 -0.572560 -0.107580 -1.297597 -1.370165 3.819413 190 000190.jpg

191 0.854843 0.092383 0.503549 0.084542 -1.597846 -1.287289 3.595479 191 000191.jpg

192 -0.886188 -0.099981 -0.448351 -0.060461 -1.766142 -1.195152 3.362551 192 000192.jpg

193 0.905655 0.099547 0.410183 0.040347 -1.771312 -1.119331 3.253624 193 000193.jpg

194 -0.900864 -0.092105 -0.422894 -0.033472 -1.354781 -1.119217 3.259837 194 000194.jpg

195 -0.890140 -0.062640 -0.449584 -0.040022 -0.810318 -1.048634 3.458667 195 000195.jpg

196 -0.878756 -0.025072 -0.475300 -0.035343 -0.303353 -0.807384 3.438124 196 000196.jpg

197 -0.885827 -0.014123 -0.462003 -0.040798 -0.039077 -0.783419 3.402886 197 000197.jpg

198 -0.889875 -0.007429 -0.453615 -0.047965 0.209969 -0.754155 3.344711 198 000198.jpg

199 -0.901233 0.000128 -0.429968 -0.053921 0.219152 -0.785727 3.629836 199 000199.jpg

200 0.927863 -0.001181 0.369252 0.052171 -0.269415 -0.822521 3.979007 200 000200.jpg

201 -0.949967 -0.004027 -0.308616 -0.047988 -0.843664 -0.921166 4.208110 201 000201.jpg

202 -0.975349 -0.014544 -0.216442 -0.040441 -1.711324 -0.996573 3.975335 202 000202.jpg

203 0.995395 0.025478 0.089796 0.021817 -2.605547 -0.925020 3.289988 203 000203.jpg

204 0.999268 0.029780 -0.023807 -0.003306 -3.087253 -0.676797 2.540818 204 000204.jpg

205 -0.996889 -0.029945 0.069563 0.021845 -2.975056 -0.526282 2.162076 205 000205.jpg

206 -0.999004 -0.028594 0.021712 0.026500 -2.416372 -0.466986 2.288728 206 000206.jpg

207 0.998931 0.026238 0.033157 -0.018686 -1.745905 -0.474008 2.420185 207 000207.jpg

208 -0.996046 -0.021588 -0.086045 0.004704 -1.033938 -0.514695 2.608523 208 000208.jpg

209 0.998258 0.017453 0.056327 0.002123 -0.864681 -0.512269 2.527042 209 000209.jpg

210 0.999997 -0.000060 -0.002164 -0.001233 -0.751079 -0.454413 2.590716 210 000210.jpg

211 0.999861 -0.005564 -0.015676 -0.000850 -0.404327 -0.406897 2.596506 211 000211.jpg

212 0.999607 -0.003314 -0.027812 0.001422 -0.111052 -0.389841 2.551953 212 000212.jpg

213 0.999230 -0.001469 -0.038904 0.004908 0.115713 -0.369967 2.453407 213 000213.jpg

214 0.993603 -0.001161 -0.112925 -0.000664 0.050344 -0.353283 2.317446 214 000214.jpg

215 -0.994771 -0.000312 0.102122 0.001160 0.433008 -0.334148 2.209261 215 000215.jpg

216 0.998327 0.000731 -0.057738 0.002821 0.917206 -0.295626 2.084425 216 000216.jpg

217 -0.999948 -0.002619 0.004443 -0.008813 1.358762 -0.249575 1.764253 217 000217.jpg

218 -0.999880 -0.001949 -0.006328 -0.013998 1.645109 -0.180277 1.566977 218 000218.jpg

219 -0.999810 -0.002040 0.015521 -0.011616 1.830427 -0.149258 1.500072 219 000219.jpg

220 0.997343 -0.001022 -0.072510 0.006875 1.963040 -0.175425 1.803060 220 000220.jpg

221 -0.976720 -0.000727 0.214326 0.009101 1.576858 -0.270724 2.381055 221 000221.jpg

222 0.945734 0.004591 -0.323160 -0.033663 1.028269 -0.478314 2.843365 222 000222.jpg

223 -0.928148 -0.008237 0.368799 0.049594 0.883930 -0.611133 3.065336 223 000223.jpg

224 -0.891569 -0.015251 0.447886 0.065349 0.566310 -0.697483 3.258249 224 000224.jpg

225 -0.869406 -0.020999 0.487714 0.076341 0.632871 -0.772859 3.438556 225 000225.jpg

226 0.837430 0.037933 -0.536689 -0.096114 0.533986 -0.978272 3.667967 226 000226.jpg

227 0.788922 0.045318 -0.602192 -0.113636 0.229497 -1.094175 3.997283 227 000227.jpg

228 0.777210 0.043176 -0.614445 -0.128601 0.498779 -1.184971 4.127706 228 000228.jpg

229 0.740231 0.046952 -0.655444 -0.142287 0.344775 -1.205840 4.133502 229 000229.jpg

230 -0.697710 -0.047426 0.697480 0.156443 0.213307 -1.170375 4.034147 230 000230.jpg

231 -0.629355 -0.049827 0.756224 0.171914 -0.238558 -1.045851 3.836208 231 000231.jpg

232 0.524110 0.049055 -0.829920 -0.184755 -0.938499 -0.953022 3.610160 232 000232.jpg

233 -0.409690 -0.042518 0.889532 0.197686 -1.473361 -0.909420 3.319439 233 000233.jpg

234 -0.329101 -0.031761 0.920232 0.209423 -1.746473 -0.865460 3.150535 234 000234.jpg

235 -0.265083 -0.022885 0.939710 0.214830 -1.879924 -0.773659 2.845035 235 000235.jpg

236 -0.250765 -0.008837 0.942721 0.219810 -1.920282 -0.672336 2.665239 236 000236.jpg

237 0.339901 0.015905 -0.915765 -0.213517 -1.482473 -0.774617 2.903552 237 000237.jpg

238 0.430163 0.014663 -0.878399 -0.207751 -0.850321 -0.815125 3.113648 238 000238.jpg

239 0.453025 0.014908 -0.867626 -0.204380 -0.459025 -0.872558 3.357976 239 000239.jpg

240 -0.400259 -0.024455 0.892756 0.205383 -0.436202 -0.948210 3.425818 240 000240.jpg

241 -0.329607 -0.030138 0.920188 0.209059 -0.622527 -0.994980 3.535528 241 000241.jpg

242 -0.264403 -0.027478 0.940271 0.212664 -0.726150 -1.031281 3.597948 242 000242.jpg

243 -0.213211 -0.022599 0.952578 0.215929 -0.804174 -1.064021 3.692688 243 000243.jpg

244 -0.196822 -0.014808 0.956843 0.213290 -0.624496 -1.074998 3.886541 244 000244.jpg

245 -0.183582 -0.012053 0.960301 0.209699 -0.353719 -1.084657 4.026358 245 000245.jpg

246 -0.185952 -0.009909 0.962268 0.198404 0.040622 -1.041487 4.228839 246 000246.jpg

247 -0.162821 -0.014848 0.967324 0.193787 0.202112 -1.049551 4.414818 247 000247.jpg

248 -0.123835 -0.021451 0.973923 0.188889 0.185992 -1.077997 4.720156 248 000248.jpg

249 -0.107830 -0.024145 0.977041 0.182153 0.356447 -1.066060 4.967387 249 000249.jpg

250 -0.047968 -0.032473 0.982547 0.176769 0.010140 -1.077031 5.209882 250 000250.jpg

251 -0.015724 -0.036332 0.983959 0.173946 -0.225197 -1.058840 5.256238 251 000251.jpg

