1 PINHOLE 1559 1039 1614.727534 1613.628189 779.500000 519.500000
2 PINHOLE 1559 1039 1614.990365 1614.273831 779.500000 519.500000
3 PINHOLE 1559 1039 1614.894592 1614.817919 779.500000 519.500000
4 PINHOLE 1559 1039 1613.893649 1613.988636 779.500000 519.500000
5 PINHOLE 1559 1039 1613.329849 1613.202141 779.500000 519.500000
6 PINHOLE 1559 1039 1612.269292 1611.609357 779.500000 519.500000
7 PINHOLE 1559 1039 1611.791583 1611.202029 779.500000 519.500000
8 PINHOLE 1559 1039 1611.091309 1610.436062 779.500000 519.500000
9 PINHOLE 1559 1039 1611.056774 1610.534298 779.500000 519.500000
10 PINHOLE 1559 1039 1610.715404 1610.018927 779.500000 519.500000
11 PINHOLE 1559 1039 1611.486715 1610.707633 779.500000 519.500000
12 PINHOLE 1559 1039 1610.882891 1610.480414 779.500000 519.500000
13 PINHOLE 1559 1039 1610.873463 1610.545962 779.500000 519.500000
14 PINHOLE 1559 1039 1610.677821 1610.166709 779.500000 519.500000
15 PINHOLE 1559 1039 1611.048814 1610.281502 779.500000 519.500000
16 PINHOLE 1559 1039 1611.430481 1610.899738 779.500000 519.500000
17 PINHOLE 1559 1039 1611.463927 1611.106021 779.500000 519.500000
18 PINHOLE 1559 1039 1611.917210 1611.537975 779.500000 519.500000
19 PINHOLE 1559 1039 1612.712025 1612.513149 779.500000 519.500000
20 PINHOLE 1559 1039 1612.511238 1611.769741 779.500000 519.500000
21 PINHOLE 1559 1039 1613.463281 1612.392963 779.500000 519.500000
22 PINHOLE 1559 1039 1614.048529 1613.155511 779.500000 519.500000
23 PINHOLE 1559 1039 1613.937003 1612.991252 779.500000 519.500000
24 PINHOLE 1559 1039 1613.483045 1612.483348 779.500000 519.500000
25 PINHOLE 1559 1039 1612.899970 1612.093064 779.500000 519.500000
26 PINHOLE 1559 1039 1612.823168 1611.629589 779.500000 519.500000
27 PINHOLE 1559 1039 1612.573542 1611.678771 779.500000 519.500000
28 PINHOLE 1559 1039 1612.121800 1611.157805 779.500000 519.500000
29 PINHOLE 1559 1039 1611.985116 1610.955454 779.500000 519.500000
30 PINHOLE 1559 1039 1611.955084 1610.614143 779.500000 519.500000
31 PINHOLE 1559 1039 1611.652126 1610.350813 779.500000 519.500000
32 PINHOLE 1559 1039 1611.523961 1610.323219 779.500000 519.500000
33 PINHOLE 1559 1039 1611.609484 1610.538898 779.500000 519.500000
34 PINHOLE 1559 1039 1610.758987 1610.052094 779.500000 519.500000
35 PINHOLE 1559 1039 1610.439748 1609.992658 779.500000 519.500000
36 PINHOLE 1559 1039 1611.069388 1610.889712 779.500000 519.500000
37 PINHOLE 1559 1039 1610.837833 1610.621700 779.500000 519.500000
38 PINHOLE 1559 1039 1610.905175 1610.815594 779.500000 519.500000
39 PINHOLE 1559 1039 1610.698754 1609.959822 779.500000 519.500000
40 PINHOLE 1559 1039 1611.214765 1610.638459 779.500000 519.500000
41 PINHOLE 1559 1039 1611.768789 1611.274371 779.500000 519.500000
42 PINHOLE 1559 1039 1612.419505 1611.979024 779.500000 519.500000
43 PINHOLE 1559 1039 1613.182322 1612.460627 779.500000 519.500000
44 PINHOLE 1559 1039 1613.513491 1612.701362 779.500000 519.500000
45 PINHOLE 1559 1039 1613.918212 1612.629398 779.500000 519.500000
46 PINHOLE 1559 1039 1614.506801 1613.008056 779.500000 519.500000
47 PINHOLE 1559 1039 1615.075080 1613.265747 779.500000 519.500000
48 PINHOLE 1559 1039 1614.739580 1613.652094 779.500000 519.500000
49 PINHOLE 1559 1039 1614.326047 1613.583020 779.500000 519.500000
50 PINHOLE 1559 1039 1614.375932 1613.977256 779.500000 519.500000
51 PINHOLE 1559 1039 1613.862824 1613.244160 779.500000 519.500000
52 PINHOLE 1559 1039 1613.395642 1613.078073 779.500000 519.500000
53 PINHOLE 1559 1039 1612.051310 1611.714796 779.500000 519.500000
54 PINHOLE 1559 1039 1611.405245 1611.299528 779.500000 519.500000
55 PINHOLE 1559 1039 1611.139685 1610.945921 779.500000 519.500000
56 PINHOLE 1559 1039 1611.220399 1611.047994 779.500000 519.500000
57 PINHOLE 1559 1039 1611.066694 1611.012161 779.500000 519.500000
58 PINHOLE 1559 1039 1610.818366 1611.082679 779.500000 519.500000
59 PINHOLE 1559 1039 1611.091554 1611.536659 779.500000 519.500000
60 PINHOLE 1559 1039 1611.004973 1611.593074 779.500000 519.500000
61 PINHOLE 1559 1039 1611.573461 1612.130094 779.500000 519.500000
62 PINHOLE 1559 1039 1611.959129 1612.467871 779.500000 519.500000
63 PINHOLE 1559 1039 1612.641371 1613.243501 779.500000 519.500000
64 PINHOLE 1559 1039 1612.606413 1613.263769 779.500000 519.500000
65 PINHOLE 1559 1039 1613.291308 1613.279260 779.500000 519.500000
66 PINHOLE 1559 1039 1613.309474 1613.368251 779.500000 519.500000
67 PINHOLE 1559 1039 1613.343474 1613.510820 779.500000 519.500000
68 PINHOLE 1559 1039 1613.104762 1612.683741 779.500000 519.500000
69 PINHOLE 1559 1039 1613.203553 1612.897357 779.500000 519.500000
70 PINHOLE 1559 1039 1613.184040 1612.618859 779.500000 519.500000
71 PINHOLE 1559 1039 1612.746372 1612.664638 779.500000 519.500000
72 PINHOLE 1559 1039 1612.472115 1612.424901 779.500000 519.500000
73 PINHOLE 1559 1039 1612.418769 1612.496519 779.500000 519.500000
74 PINHOLE 1559 1039 1612.377443 1612.702186 779.500000 519.500000
75 PINHOLE 1559 1039 1612.200877 1612.537188 779.500000 519.500000
76 PINHOLE 1559 1039 1611.547730 1612.169429 779.500000 519.500000
77 PINHOLE 1559 1039 1611.067428 1611.786192 779.500000 519.500000
78 PINHOLE 1559 1039 1611.165283 1611.821564 779.500000 519.500000
79 PINHOLE 1559 1039 1610.395567 1610.904668 779.500000 519.500000
80 PINHOLE 1559 1039 1609.607859 1610.078201 779.500000 519.500000
81 PINHOLE 1559 1039 1609.901510 1610.621043 779.500000 519.500000
82 PINHOLE 1559 1039 1609.956067 1610.940662 779.500000 519.500000
83 PINHOLE 1559 1039 1610.602292 1611.794912 779.500000 519.500000
84 PINHOLE 1559 1039 1610.333643 1611.209263 779.500000 519.500000
85 PINHOLE 1559 1039 1610.783228 1611.678935 779.500000 519.500000
86 PINHOLE 1559 1039 1611.740725 1612.807919 779.500000 519.500000
87 PINHOLE 1559 1039 1611.544177 1612.342260 779.500000 519.500000
88 PINHOLE 1559 1039 1611.835459 1612.609803 779.500000 519.500000
89 PINHOLE 1559 1039 1612.274320 1613.039192 779.500000 519.500000
90 PINHOLE 1559 1039 1612.119838 1612.333864 779.500000 519.500000
91 PINHOLE 1559 1039 1611.976045 1612.209094 779.500000 519.500000
92 PINHOLE 1559 1039 1612.064059 1612.293370 779.500000 519.500000
93 PINHOLE 1559 1039 1612.369473 1612.296827 779.500000 519.500000
94 PINHOLE 1559 1039 1612.690558 1611.987087 779.500000 519.500000
95 PINHOLE 1559 1039 1612.742815 1611.799354 779.500000 519.500000
96 PINHOLE 1559 1039 1612.956900 1612.794743 779.500000 519.500000
97 PINHOLE 1559 1039 1613.414546 1613.097679 779.500000 519.500000
98 PINHOLE 1559 1039 1614.132182 1613.519886 779.500000 519.500000
99 PINHOLE 1559 1039 1614.069043 1613.277282 779.500000 519.500000
100 PINHOLE 1559 1039 1614.328996 1613.704191 779.500000 519.500000
101 PINHOLE 1559 1039 1613.171522 1612.239380 779.500000 519.500000
102 PINHOLE 1559 1039 1612.170226 1611.635510 779.500000 519.500000
103 PINHOLE 1559 1039 1612.355248 1611.645050 779.500000 519.500000
104 PINHOLE 1559 1039 1612.419505 1611.531725 779.500000 519.500000
105 PINHOLE 1559 1039 1612.581269 1611.778789 779.500000 519.500000
106 PINHOLE 1559 1039 1611.483407 1611.021365 779.500000 519.500000
107 PINHOLE 1559 1039 1610.946318 1610.973041 779.500000 519.500000
108 PINHOLE 1559 1039 1611.023832 1611.140708 779.500000 519.500000
109 PINHOLE 1559 1039 1610.896972 1610.973041 779.500000 519.500000
110 PINHOLE 1559 1039 1611.518325 1612.224566 779.500000 519.500000
111 PINHOLE 1559 1039 1611.650901 1612.088127 779.500000 519.500000
112 PINHOLE 1559 1039 1611.873208 1611.826335 779.500000 519.500000
113 PINHOLE 1559 1039 1612.067001 1611.622680 779.500000 519.500000
114 PINHOLE 1559 1039 1612.091642 1611.621364 779.500000 519.500000
115 PINHOLE 1559 1039 1612.043465 1611.569060 779.500000 519.500000
116 PINHOLE 1559 1039 1613.025981 1612.244647 779.500000 519.500000
117 PINHOLE 1559 1039 1613.042669 1612.445151 779.500000 519.500000
118 PINHOLE 1559 1039 1613.162072 1612.651464 779.500000 519.500000
119 PINHOLE 1559 1039 1613.720743 1613.554337 779.500000 519.500000
120 PINHOLE 1559 1039 1614.046932 1613.788938 779.500000 519.500000
121 PINHOLE 1559 1039 1615.460510 1614.677616 779.500000 519.500000
122 PINHOLE 1559 1039 1614.922376 1613.613517 779.500000 519.500000
123 PINHOLE 1559 1039 1615.400361 1613.409454 779.500000 519.500000
124 PINHOLE 1559 1039 1615.860363 1613.835601 779.500000 519.500000
125 PINHOLE 1559 1039 1616.097521 1613.673856 779.500000 519.500000
126 PINHOLE 1559 1039 1615.610589 1613.828841 779.500000 519.500000
127 PINHOLE 1559 1039 1615.014463 1613.986492 779.500000 519.500000
128 PINHOLE 1559 1039 1614.649117 1613.848793 779.500000 519.500000
129 PINHOLE 1559 1039 1614.211419 1613.433517 779.500000 519.500000
130 PINHOLE 1559 1039 1613.382876 1612.253700 779.500000 519.500000
131 PINHOLE 1559 1039 1612.953096 1611.958455 779.500000 519.500000
132 PINHOLE 1559 1039 1612.593780 1612.290571 779.500000 519.500000
133 PINHOLE 1559 1039 1612.654495 1612.474622 779.500000 519.500000
134 PINHOLE 1559 1039 1612.269415 1612.199877 779.500000 519.500000
135 PINHOLE 1559 1039 1612.488181 1612.637961 779.500000 519.500000
136 PINHOLE 1559 1039 1612.917269 1613.435989 779.500000 519.500000
137 PINHOLE 1559 1039 1613.329726 1613.955982 779.500000 519.500000
138 PINHOLE 1559 1039 1613.720743 1613.973298 779.500000 519.500000
139 PINHOLE 1559 1039 1614.210313 1614.362922 779.500000 519.500000
140 PINHOLE 1559 1039 1614.337842 1614.452352 779.500000 519.500000
141 PINHOLE 1559 1039 1614.595654 1614.629257 779.500000 519.500000
142 PINHOLE 1559 1039 1614.685621 1614.794148 779.500000 519.500000
143 PINHOLE 1559 1039 1614.949915 1615.055824 779.500000 519.500000
144 PINHOLE 1559 1039 1614.727166 1614.308642 779.500000 519.500000
145 PINHOLE 1559 1039 1614.768712 1613.854729 779.500000 519.500000
146 PINHOLE 1559 1039 1615.228545 1614.356157 779.500000 519.500000
147 PINHOLE 1559 1039 1614.571197 1613.759754 779.500000 519.500000
148 PINHOLE 1559 1039 1615.315372 1613.929431 779.500000 519.500000
149 PINHOLE 1559 1039 1616.264070 1614.859849 779.500000 519.500000
150 PINHOLE 1559 1039 1616.988814 1615.429568 779.500000 519.500000
151 PINHOLE 1559 1039 1616.408976 1614.394766 779.500000 519.500000
152 PINHOLE 1559 1039 1616.350863 1614.104088 779.500000 519.500000
153 PINHOLE 1559 1039 1616.115245 1614.221206 779.500000 519.500000
154 PINHOLE 1559 1039 1615.662754 1614.136418 779.500000 519.500000
155 PINHOLE 1559 1039 1615.086392 1613.772120 779.500000 519.500000
156 PINHOLE 1559 1039 1613.923616 1612.532248 779.500000 519.500000
157 PINHOLE 1559 1039 1613.343596 1612.007492 779.500000 519.500000
158 PINHOLE 1559 1039 1613.791596 1613.266241 779.500000 519.500000
159 PINHOLE 1559 1039 1614.401859 1614.252385 779.500000 519.500000
160 PINHOLE 1559 1039 1615.024545 1615.530504 779.500000 519.500000
161 PINHOLE 1559 1039 1615.489540 1616.263831 779.500000 519.500000
162 PINHOLE 1559 1039 1614.636089 1615.644505 779.500000 519.500000
163 PINHOLE 1559 1039 1615.843135 1617.118074 779.500000 519.500000
164 PINHOLE 1559 1039 1615.937153 1616.698460 779.500000 519.500000
165 PINHOLE 1559 1039 1615.549448 1616.057011 779.500000 519.500000
166 PINHOLE 1559 1039 1616.096782 1616.285161 779.500000 519.500000
167 PINHOLE 1559 1039 1615.426437 1615.307502 779.500000 519.500000
168 PINHOLE 1559 1039 1615.096844 1614.205699 779.500000 519.500000
169 PINHOLE 1559 1039 1616.237725 1615.488542 779.500000 519.500000
170 PINHOLE 1559 1039 1615.954628 1614.913668 779.500000 519.500000
171 PINHOLE 1559 1039 1615.587338 1614.397241 779.500000 519.500000
172 PINHOLE 1559 1039 1615.124757 1614.108542 779.500000 519.500000
173 PINHOLE 1559 1039 1615.131766 1614.128995 779.500000 519.500000
174 PINHOLE 1559 1039 1615.342430 1613.957466 779.500000 519.500000
175 PINHOLE 1559 1039 1615.777795 1614.396746 779.500000 519.500000
176 PINHOLE 1559 1039 1617.293278 1615.512166 779.500000 519.500000
177 PINHOLE 1559 1039 1616.208181 1614.467037 779.500000 519.500000
178 PINHOLE 1559 1039 1615.647129 1614.166769 779.500000 519.500000
179 PINHOLE 1559 1039 1614.342511 1613.040675 779.500000 519.500000
180 PINHOLE 1559 1039 1613.744688 1612.417164 779.500000 519.500000
181 PINHOLE 1559 1039 1613.889474 1613.159630 779.500000 519.500000
182 PINHOLE 1559 1039 1613.290694 1612.309995 779.500000 519.500000
183 PINHOLE 1559 1039 1612.617084 1611.111446 779.500000 519.500000
184 PINHOLE 1559 1039 1612.364200 1612.115446 779.500000 519.500000
185 PINHOLE 1559 1039 1612.511483 1612.538834 779.500000 519.500000
186 PINHOLE 1559 1039 1613.086109 1614.087264 779.500000 519.500000
187 PINHOLE 1559 1039 1613.352311 1614.868433 779.500000 519.500000
188 PINHOLE 1559 1039 1613.414055 1615.173397 779.500000 519.500000
189 PINHOLE 1559 1039 1615.449562 1617.414041 779.500000 519.500000
190 PINHOLE 1559 1039 1615.031430 1617.047242 779.500000 519.500000
191 PINHOLE 1559 1039 1615.043111 1616.832298 779.500000 519.500000
192 PINHOLE 1559 1039 1614.219036 1615.370267 779.500000 519.500000
193 PINHOLE 1559 1039 1612.732511 1613.837250 779.500000 519.500000
194 PINHOLE 1559 1039 1612.056459 1612.504916 779.500000 519.500000
195 PINHOLE 1559 1039 1612.291608 1612.890109 779.500000 519.500000
196 PINHOLE 1559 1039 1612.169613 1612.458981 779.500000 519.500000
197 PINHOLE 1559 1039 1612.723556 1613.097349 779.500000 519.500000
198 PINHOLE 1559 1039 1613.595380 1614.422651 779.500000 519.500000
199 PINHOLE 1559 1039 1614.674805 1615.620877 779.500000 519.500000
200 PINHOLE 1559 1039 1613.760651 1615.148131 779.500000 519.500000
201 PINHOLE 1559 1039 1613.055554 1614.053782 779.500000 519.500000
202 PINHOLE 1559 1039 1612.284497 1612.918771 779.500000 519.500000
203 PINHOLE 1559 1039 1611.645877 1612.362508 779.500000 519.500000
204 PINHOLE 1559 1039 1611.086043 1611.760693 779.500000 519.500000
205 PINHOLE 1559 1039 1611.083349 1611.970796 779.500000 519.500000
206 PINHOLE 1559 1039 1610.109600 1610.879359 779.500000 519.500000
207 PINHOLE 1559 1039 1609.705448 1610.661133 779.500000 519.500000
208 PINHOLE 1559 1039 1609.235081 1609.978046 779.500000 519.500000
209 PINHOLE 1559 1039 1609.467119 1610.835315 779.500000 519.500000
210 PINHOLE 1559 1039 1608.733537 1610.151108 779.500000 519.500000
211 PINHOLE 1559 1039 1608.284512 1609.755281 779.500000 519.500000
212 PINHOLE 1559 1039 1607.916747 1610.382677 779.500000 519.500000
213 PINHOLE 1559 1039 1608.198786 1610.820853 779.500000 519.500000
214 PINHOLE 1559 1039 1608.715943 1610.611021 779.500000 519.500000
215 PINHOLE 1559 1039 1608.460629 1610.426370 779.500000 519.500000
216 PINHOLE 1559 1039 1609.006641 1610.680028 779.500000 519.500000
217 PINHOLE 1559 1039 1609.633173 1611.232938 779.500000 519.500000
218 PINHOLE 1559 1039 1609.764397 1611.250366 779.500000 519.500000
219 PINHOLE 1559 1039 1609.843286 1611.068377 779.500000 519.500000
220 PINHOLE 1559 1039 1610.192311 1611.329618 779.500000 519.500000
221 PINHOLE 1559 1039 1608.177295 1609.159000 779.500000 519.500000
222 PINHOLE 1559 1039 1607.882810 1608.576561 779.500000 519.500000
223 PINHOLE 1559 1039 1607.670670 1608.188152 779.500000 519.500000
224 PINHOLE 1559 1039 1609.069093 1609.229044 779.500000 519.500000
225 PINHOLE 1559 1039 1610.539989 1610.470394 779.500000 519.500000
226 PINHOLE 1559 1039 1609.708138 1609.485150 779.500000 519.500000
227 PINHOLE 1559 1039 1610.239419 1610.361160 779.500000 519.500000
228 PINHOLE 1559 1039 1610.141044 1610.643717 779.500000 519.500000
229 PINHOLE 1559 1039 1610.596417 1611.108323 779.500000 519.500000
230 PINHOLE 1559 1039 1610.917787 1611.711670 779.500000 519.500000
231 PINHOLE 1559 1039 1610.036684 1610.506699 779.500000 519.500000
232 PINHOLE 1559 1039 1609.750576 1610.198074 779.500000 519.500000
233 PINHOLE 1559 1039 1609.405253 1609.736570 779.500000 519.500000
234 PINHOLE 1559 1039 1609.789714 1610.163753 779.500000 519.500000
235 PINHOLE 1559 1039 1609.754612 1610.270006 779.500000 519.500000
236 PINHOLE 1559 1039 1610.157072 1610.733102 779.500000 519.500000
237 PINHOLE 1559 1039 1610.638770 1611.342608 779.500000 519.500000
238 PINHOLE 1559 1039 1610.569732 1611.017749 779.500000 519.500000
239 PINHOLE 1559 1039 1610.179830 1610.491914 779.500000 519.500000
240 PINHOLE 1559 1039 1609.960104 1610.233382 779.500000 519.500000
241 PINHOLE 1559 1039 1611.033261 1611.593567 779.500000 519.500000
242 PINHOLE 1559 1039 1610.509511 1611.092870 779.500000 519.500000
243 PINHOLE 1559 1039 1609.986527 1610.356233 779.500000 519.500000
244 PINHOLE 1559 1039 1609.817723 1610.042899 779.500000 519.500000
245 PINHOLE 1559 1039 1610.164903 1610.483536 779.500000 519.500000
246 PINHOLE 1559 1039 1612.400252 1612.384238 779.500000 519.500000
247 PINHOLE 1559 1039 1611.747097 1611.903170 779.500000 519.500000
248 PINHOLE 1559 1039 1611.435749 1612.090267 779.500000 519.500000
249 PINHOLE 1559 1039 1610.791553 1610.711905 779.500000 519.500000
250 PINHOLE 1559 1039 1611.226278 1611.264342 779.500000 519.500000
251 PINHOLE 1559 1039 1611.573951 1611.490280 779.500000 519.500000
252 PINHOLE 1559 1039 1611.865241 1611.893956 779.500000 519.500000
253 PINHOLE 1559 1039 1611.192963 1611.013147 779.500000 519.500000
254 PINHOLE 1559 1039 1610.707691 1610.611185 779.500000 519.500000
255 PINHOLE 1559 1039 1610.068737 1609.968031 779.500000 519.500000
256 PINHOLE 1559 1039 1610.069716 1610.036003 779.500000 519.500000
257 PINHOLE 1559 1039 1610.227795 1610.292342 779.500000 519.500000
258 PINHOLE 1559 1039 1609.725505 1609.913525 779.500000 519.500000
259 PINHOLE 1559 1039 1610.250554 1610.520498 779.500000 519.500000
260 PINHOLE 1559 1039 1610.754579 1610.917816 779.500000 519.500000
261 PINHOLE 1559 1039 1610.836241 1610.889055 779.500000 519.500000
262 PINHOLE 1559 1039 1611.263514 1611.344088 779.500000 519.500000
263 PINHOLE 1559 1039 1611.652126 1611.736510 779.500000 519.500000
264 PINHOLE 1559 1039 1611.741337 1611.718744 779.500000 519.500000
265 PINHOLE 1559 1039 1611.561943 1611.472354 779.500000 519.500000
266 PINHOLE 1559 1039 1610.813836 1610.623343 779.500000 519.500000
267 PINHOLE 1559 1039 1610.699611 1610.721600 779.500000 519.500000
268 PINHOLE 1559 1039 1610.330584 1609.949971 779.500000 519.500000
269 PINHOLE 1559 1039 1611.074654 1609.447410 779.500000 519.500000
270 PINHOLE 1559 1039 1611.206191 1609.511732 779.500000 519.500000
271 PINHOLE 1559 1039 1611.731411 1609.555382 779.500000 519.500000
272 PINHOLE 1559 1039 1612.256173 1610.583420 779.500000 519.500000
273 PINHOLE 1559 1039 1611.171162 1609.824058 779.500000 519.500000
274 PINHOLE 1559 1039 1611.978251 1611.216662 779.500000 519.500000
275 PINHOLE 1559 1039 1611.509503 1610.666062 779.500000 519.500000
276 PINHOLE 1559 1039 1611.700285 1611.192165 779.500000 519.500000
277 PINHOLE 1559 1039 1611.274539 1610.365267 779.500000 519.500000
278 PINHOLE 1559 1039 1611.276498 1610.394011 779.500000 519.500000
279 PINHOLE 1559 1039 1611.131970 1610.306959 779.500000 519.500000
280 PINHOLE 1559 1039 1610.322507 1609.268414 779.500000 519.500000
281 PINHOLE 1559 1039 1610.174569 1609.167366 779.500000 519.500000
282 PINHOLE 1559 1039 1609.791671 1608.887902 779.500000 519.500000
283 PINHOLE 1559 1039 1609.352071 1608.661312 779.500000 519.500000
284 PINHOLE 1559 1039 1610.224736 1609.683391 779.500000 519.500000
285 PINHOLE 1559 1039 1610.718954 1610.250626 779.500000 519.500000
286 PINHOLE 1559 1039 1610.029466 1609.553741 779.500000 519.500000
287 PINHOLE 1559 1039 1610.094552 1609.770710 779.500000 519.500000
288 PINHOLE 1559 1039 1609.322119 1609.114550 779.500000 519.500000
289 PINHOLE 1559 1039 1609.224568 1609.636288 779.500000 519.500000
290 PINHOLE 1559 1039 1607.916747 1609.138825 779.500000 519.500000
291 PINHOLE 1559 1039 1606.501171 1607.645976 779.500000 519.500000
292 PINHOLE 1559 1039 1606.064853 1607.637297 779.500000 519.500000