1 -0.823758 0.223427 0.447740 0.266519 0.250796 -2.214985 3.597578 1 DSCF5565.JPG

2 -0.832212 0.208315 0.440125 0.265176 0.324298 -2.176800 3.551321 2 DSCF5566.JPG

3 0.842288 -0.185831 -0.431961 -0.263491 0.380524 -1.995123 3.525309 3 DSCF5567.JPG

4 0.848217 -0.153605 -0.424115 -0.277597 0.304192 -1.907076 3.509714 4 DSCF5568.JPG

5 0.856960 -0.113346 -0.413825 -0.285519 0.307709 -1.856570 3.476346 5 DSCF5569.JPG

6 0.865072 -0.073506 -0.397259 -0.297376 0.331146 -1.863517 3.400918 6 DSCF5570.JPG

7 0.867296 -0.061673 -0.389850 -0.303332 0.251632 -1.608667 3.421926 7 DSCF5571.JPG

8 -0.876880 0.025443 0.365081 0.311689 0.274718 -1.586662 3.312945 8 DSCF5572.JPG

9 -0.886815 0.000571 0.341433 0.311420 0.330796 -1.489425 3.274774 9 DSCF5573.JPG

10 0.893036 0.034433 -0.327359 -0.306819 0.314636 -1.447250 3.225694 10 DSCF5574.JPG

11 0.915502 0.049354 -0.290153 -0.274283 0.495533 -1.279700 3.203276 11 DSCF5575.JPG

12 -0.924365 -0.031494 0.281893 0.255134 0.366747 -1.212006 3.224203 12 DSCF5576.JPG

13 0.932373 -0.002077 -0.270774 -0.239494 0.375150 -1.252875 3.220400 13 DSCF5577.JPG

14 -0.934314 0.020687 0.272385 0.228991 0.263507 -1.485678 3.236546 14 DSCF5578.JPG

15 0.934408 -0.047192 -0.283266 -0.210747 0.173646 -1.626736 3.345800 15 DSCF5579.JPG

16 0.934887 -0.075762 -0.284338 -0.198488 0.195679 -1.707812 3.473511 16 DSCF5580.JPG

17 0.934247 -0.102325 -0.283057 -0.191288 0.121278 -1.742864 3.492893 17 DSCF5581.JPG

18 0.939615 -0.127958 -0.270065 -0.166778 0.158851 -1.829796 3.491521 18 DSCF5582.JPG

19 0.939632 -0.164048 -0.261793 -0.147118 0.187506 -1.798220 3.578966 19 DSCF5583.JPG

20 0.941164 -0.169053 -0.257914 -0.138245 0.210193 -2.060452 3.534612 20 DSCF5584.JPG

21 -0.939421 0.192523 0.250949 0.132089 0.342021 -2.149295 3.592059 21 DSCF5585.JPG

22 -0.936519 0.225693 0.239697 0.120583 0.386235 -2.063447 3.741829 22 DSCF5586.JPG

23 0.939802 -0.235697 -0.219554 -0.114081 0.228580 -2.050660 3.745220 23 DSCF5587.JPG

24 -0.952835 0.218167 0.184824 0.101727 0.228622 -2.123897 3.682945 24 DSCF5588.JPG

25 0.959126 -0.197214 -0.174961 -0.102825 0.052020 -2.084212 3.671910 25 DSCF5589.JPG

26 0.966964 -0.160849 -0.160924 -0.114938 0.035168 -2.175518 3.567460 26 DSCF5590.JPG

27 -0.970065 0.137117 0.161784 0.118313 0.004581 -2.031612 3.547055 27 DSCF5591.JPG

28 -0.973146 0.105609 0.163185 0.123302 -0.036736 -1.977212 3.490438 28 DSCF5592.JPG

29 -0.976783 0.074177 0.158310 0.123818 0.001419 -1.920200 3.455820 29 DSCF5593.JPG

30 0.979404 -0.038768 -0.155862 -0.122361 0.014910 -1.874325 3.391521 30 DSCF5594.JPG

31 -0.979675 0.008425 0.156301 0.125446 -0.039207 -1.814817 3.270456 31 DSCF5595.JPG

32 -0.981128 -0.015249 0.150302 0.120687 -0.017285 -1.720577 3.194702 32 DSCF5596.JPG

33 0.983506 0.032966 -0.136985 -0.113421 0.100837 -1.597494 3.193997 33 DSCF5597.JPG

34 0.986299 0.061522 -0.117844 -0.097682 0.184927 -1.579341 3.101055 34 DSCF5598.JPG

35 -0.990600 -0.051891 0.097818 0.080317 0.131559 -1.379221 3.047603 35 DSCF5599.JPG

36 -0.994581 -0.023487 0.069567 0.073603 0.101964 -1.351804 3.038126 36 DSCF5600.JPG

37 0.995223 -0.007864 -0.070099 -0.067496 -0.036047 -1.389314 3.046434 37 DSCF5601.JPG

38 -0.993985 0.034951 0.077016 0.069574 -0.129235 -1.458742 3.095057 38 DSCF5602.JPG

39 0.991188 -0.044605 -0.095024 -0.080789 -0.245432 -1.711871 3.036644 39 DSCF5603.JPG

40 0.988467 -0.080174 -0.097205 -0.083995 -0.185070 -1.750427 3.070058 40 DSCF5604.JPG

41 -0.986233 0.105763 0.095546 0.083841 -0.198832 -1.798257 3.193115 41 DSCF5605.JPG

42 -0.984620 0.135618 0.089739 0.063867 -0.194879 -1.808026 3.372719 42 DSCF5606.JPG

43 -0.984243 0.152409 0.071069 0.054642 -0.122399 -1.966122 3.516332 43 DSCF5607.JPG

44 0.979316 -0.183933 -0.065110 -0.053558 -0.148431 -1.995722 3.669612 44 DSCF5608.JPG

45 -0.976368 0.205210 0.051005 0.044636 -0.050464 -2.139309 3.755986 45 DSCF5609.JPG

46 0.971691 -0.232662 -0.025810 -0.031933 0.041963 -2.145797 3.891126 46 DSCF5610.JPG

47 -0.970627 0.239655 -0.011052 0.018080 0.068937 -2.173236 3.906542 47 DSCF5611.JPG

48 -0.971966 0.231262 -0.041685 0.007867 0.071864 -2.161817 3.866733 48 DSCF5612.JPG

49 -0.976676 0.209830 -0.045544 -0.000232 -0.052543 -2.143175 3.816949 49 DSCF5613.JPG

50 -0.980321 0.191343 -0.048428 -0.003587 -0.093499 -2.028550 3.818398 50 DSCF5614.JPG

51 -0.986796 0.155907 -0.043850 0.001697 -0.181229 -2.078733 3.708862 51 DSCF5615.JPG

52 -0.990153 0.135975 -0.031932 0.009337 -0.209540 -1.942742 3.595992 52 DSCF5616.JPG

53 -0.994696 0.101864 -0.012851 0.006271 -0.242386 -1.969684 3.365139 53 DSCF5617.JPG

54 0.997293 -0.072500 0.002631 -0.011947 -0.255642 -1.904224 3.234663 54 DSCF5618.JPG

55 0.998781 -0.048202 -0.003658 -0.009984 -0.205857 -1.813777 3.167095 55 DSCF5619.JPG

56 -0.999752 0.021566 -0.005260 -0.001645 -0.093108 -1.777748 3.159575 56 DSCF5620.JPG

57 0.999846 -0.000818 0.010711 0.013869 -0.081355 -1.741889 3.131983 57 DSCF5621.JPG

58 -0.999340 -0.007320 -0.019579 -0.029703 -0.099903 -1.557461 3.119008 58 DSCF5622.JPG

59 0.996733 0.016952 0.055488 0.056179 0.024192 -1.470031 3.080809 59 DSCF5623.JPG

60 -0.994492 0.007367 -0.080020 -0.067289 -0.129144 -1.480659 3.128708 60 DSCF5624.JPG

61 0.991342 -0.033210 0.106745 0.068876 -0.154594 -1.520679 3.202788 61 DSCF5625.JPG

62 -0.989775 0.058725 -0.110296 -0.068788 -0.242693 -1.613839 3.277932 62 DSCF5626.JPG

63 -0.988034 0.091526 -0.107370 -0.062326 -0.331233 -1.600411 3.383071 63 DSCF5627.JPG

64 -0.988967 0.104431 -0.090689 -0.053052 -0.424133 -1.751181 3.424780 64 DSCF5628.JPG

65 -0.985743 0.126771 -0.100295 -0.046699 -0.345422 -1.870406 3.524303 65 DSCF5629.JPG

66 -0.981482 0.151912 -0.106400 -0.047902 -0.336850 -1.909412 3.544270 66 DSCF5630.JPG

67 -0.974923 0.179032 -0.120992 -0.053228 -0.302399 -1.905402 3.582458 67 DSCF5631.JPG

68 -0.970692 0.188525 -0.135996 -0.060992 -0.259435 -2.104822 3.537416 68 DSCF5632.JPG

69 0.962591 -0.218142 0.148183 0.062235 -0.316817 -2.112577 3.626535 69 DSCF5633.JPG

70 0.953886 -0.222422 0.186782 0.075784 -0.285641 -2.185383 3.630262 70 DSCF5634.JPG

71 0.950827 -0.214495 0.201887 0.095722 -0.413731 -2.184561 3.577850 71 DSCF5635.JPG

72 0.952611 -0.187047 0.212835 0.110665 -0.432722 -2.172537 3.480385 72 DSCF5636.JPG

73 0.956118 -0.152687 0.217409 0.123527 -0.377275 -2.118351 3.371802 73 DSCF5637.JPG

74 0.957991 -0.127005 0.219326 0.134235 -0.294327 -1.973060 3.281175 74 DSCF5638.JPG

75 -0.961282 0.100479 -0.213506 -0.142324 -0.294528 -1.911439 3.194494 75 DSCF5639.JPG

76 0.968398 -0.077788 0.190203 0.141341 -0.385421 -1.816771 3.040868 76 DSCF5640.JPG

77 -0.972433 0.054063 -0.180433 -0.137459 -0.442641 -1.734983 2.900881 77 DSCF5641.JPG

78 -0.968817 0.028687 -0.188958 -0.157690 -0.341935 -1.661231 2.776760 78 DSCF5642.JPG

79 -0.964077 -0.002986 -0.191013 -0.184552 -0.314307 -1.652688 2.652537 79 DSCF5643.JPG

80 0.957887 0.028108 0.199386 0.204714 -0.285975 -1.643146 2.623625 80 DSCF5644.JPG

81 -0.949713 -0.036838 -0.217867 -0.221861 -0.266493 -1.545557 2.631003 81 DSCF5645.JPG

82 0.937580 0.021213 0.251354 0.239405 -0.249347 -1.483568 2.695759 82 DSCF5646.JPG

83 0.932443 -0.009373 0.275066 0.234095 -0.309387 -1.460983 2.786484 83 DSCF5647.JPG

84 0.926375 -0.014636 0.291417 0.238100 -0.251994 -1.670054 2.739388 84 DSCF5648.JPG

85 -0.924304 0.042201 -0.301908 -0.229637 -0.316545 -1.673936 2.808312 85 DSCF5649.JPG

86 -0.919081 0.074802 -0.318546 -0.219600 -0.288619 -1.616584 2.947271 86 DSCF5650.JPG

87 -0.916985 0.080748 -0.325942 -0.215361 -0.290847 -1.775879 2.944717 87 DSCF5651.JPG

88 -0.911937 0.104213 -0.330632 -0.219529 -0.262138 -1.861850 3.014288 88 DSCF5652.JPG

89 -0.906787 0.122860 -0.339217 -0.218116 -0.223724 -1.953733 3.113078 89 DSCF5653.JPG

90 -0.906844 0.127303 -0.338002 -0.217216 -0.209013 -2.176456 3.111767 90 DSCF5654.JPG

91 0.914213 -0.148095 0.324668 0.192022 -0.323148 -2.181673 3.125685 91 DSCF5655.JPG

92 0.914888 -0.171539 0.324215 0.168640 -0.448212 -2.134263 3.214938 92 DSCF5656.JPG

93 -0.901527 0.182471 -0.348604 -0.180082 -0.369440 -2.190057 3.255188 93 DSCF5657.JPG

94 -0.885021 0.195239 -0.378090 -0.188858 -0.219211 -2.313873 3.321894 94 DSCF5658.JPG

95 -0.866859 0.205987 -0.413629 -0.187180 -0.203687 -2.309541 3.379354 95 DSCF5659.JPG

96 -0.850438 0.217523 -0.433012 -0.204790 -0.282257 -2.138575 3.456869 96 DSCF5660.JPG

97 -0.838621 0.206656 -0.455313 -0.216099 -0.298202 -2.103596 3.561862 97 DSCF5661.JPG

98 0.830524 -0.190386 0.468161 0.234112 -0.244854 -2.103076 3.754901 98 DSCF5662.JPG

99 0.838242 -0.152961 0.460146 0.249439 -0.347827 -2.167692 3.782254 99 DSCF5663.JPG

100 -0.837236 0.126318 -0.455466 -0.275009 -0.209071 -2.155073 3.680380 100 DSCF5664.JPG

101 0.846743 -0.094481 0.433246 0.293934 -0.238773 -2.221709 3.464827 101 DSCF5665.JPG

102 0.852632 -0.074767 0.418725 0.303475 -0.294437 -2.191841 3.303794 102 DSCF5666.JPG

103 -0.839369 0.051317 -0.431820 -0.326127 -0.262686 -2.167336 3.176993 103 DSCF5667.JPG

104 -0.815797 0.037672 -0.449337 -0.362149 -0.147014 -2.194455 3.125659 104 DSCF5668.JPG

105 0.810514 -0.006904 0.450105 0.374733 -0.120496 -2.247557 3.012440 105 DSCF5669.JPG

106 0.815530 -0.002992 0.435304 0.381329 -0.174807 -2.105731 2.919394 106 DSCF5670.JPG

107 0.820226 0.004169 0.425752 0.382030 -0.205873 -1.940992 2.879221 107 DSCF5671.JPG

108 -0.812291 -0.013149 -0.426671 -0.397446 -0.133643 -1.848047 2.852557 108 DSCF5672.JPG

109 0.788946 0.031339 0.437536 0.430284 -0.085004 -1.821038 2.768970 109 DSCF5673.JPG

110 0.758636 0.031233 0.476066 0.443686 -0.033095 -1.691290 2.814048 110 DSCF5674.JPG

111 -0.744894 -0.010823 -0.496813 -0.445189 -0.078139 -1.809869 2.882812 111 DSCF5675.JPG

112 0.736365 -0.018001 0.517367 0.435631 -0.016188 -1.901260 2.939434 112 DSCF5676.JPG

113 0.739019 -0.029981 0.515945 0.432149 0.059616 -2.072664 2.862888 113 DSCF5677.JPG

114 -0.755285 0.049517 -0.518572 -0.397714 -0.012179 -2.067453 2.942658 114 DSCF5678.JPG

115 0.760309 -0.077459 0.518659 0.383306 -0.059171 -2.131691 3.069630 115 DSCF5679.JPG

116 -0.744437 0.090231 -0.539961 -0.382248 0.112597 -2.241062 3.125241 116 DSCF5680.JPG

117 -0.744526 0.114189 -0.548130 -0.363585 0.044807 -2.241368 3.236661 117 DSCF5681.JPG

118 0.744748 -0.134841 0.559694 0.337508 -0.063816 -2.197923 3.376177 118 DSCF5682.JPG

119 0.738421 -0.150910 0.579492 0.310080 -0.098123 -2.124788 3.532294 119 DSCF5683.JPG

120 0.736207 -0.161227 0.590913 0.287795 -0.194149 -2.139070 3.654578 120 DSCF5684.JPG

121 0.714394 -0.166031 0.615575 0.288344 -0.027726 -2.235627 3.719738 121 DSCF5685.JPG

122 0.706188 -0.158776 0.630893 0.279397 -0.170363 -2.355552 3.736242 122 DSCF5686.JPG

123 -0.682603 0.148828 -0.653965 -0.290230 -0.075456 -2.431415 3.833548 123 DSCF5687.JPG

124 -0.659615 0.146157 -0.669106 -0.309586 0.035805 -2.424543 3.992387 124 DSCF5688.JPG

125 0.644563 -0.130924 0.669145 0.345895 0.103130 -2.597904 4.016232 125 DSCF5689.JPG

126 0.640716 -0.124492 0.663679 0.365396 0.042635 -2.480546 3.997568 126 DSCF5690.JPG

127 -0.643407 0.112840 -0.653270 -0.382797 -0.057630 -2.354238 3.930554 127 DSCF5691.JPG

128 -0.647237 0.093028 -0.640036 -0.403465 -0.025498 -2.255485 3.784314 128 DSCF5692.JPG

129 -0.658243 0.070227 -0.616003 -0.426996 -0.029663 -2.325893 3.576522 129 DSCF5693.JPG

130 -0.664786 0.044667 -0.598686 -0.444567 -0.083812 -2.350809 3.360423 130 DSCF5694.JPG

131 -0.645032 0.026817 -0.600432 -0.471906 -0.001254 -2.308774 3.166300 131 DSCF5695.JPG

132 0.626496 -0.017154 0.606545 0.489195 0.023714 -2.177059 3.091862 132 DSCF5696.JPG

133 0.611961 -0.002585 0.600265 0.514955 0.102639 -2.129659 3.007122 133 DSCF5697.JPG

134 0.611241 0.008936 0.583223 0.534935 0.170240 -2.111623 2.886290 134 DSCF5698.JPG

135 -0.608555 -0.021625 -0.575049 -0.546363 0.239081 -2.049347 2.835656 135 DSCF5699.JPG

136 -0.582283 -0.029598 -0.579357 -0.569575 0.322631 -1.922801 2.829615 136 DSCF5700.JPG

137 0.534726 -0.001994 0.611185 0.583538 0.332472 -1.852519 2.874622 137 DSCF5701.JPG

138 0.495463 -0.012198 0.641999 0.584983 0.387515 -1.925219 2.909093 138 DSCF5702.JPG

139 -0.478675 0.031086 -0.671447 -0.564856 0.449411 -1.917803 3.056886 139 DSCF5703.JPG

140 0.488616 -0.035321 0.679932 0.545618 0.418482 -2.037118 3.146112 140 DSCF5704.JPG

141 0.493609 -0.049346 0.689734 0.527430 0.392538 -2.100520 3.266277 141 DSCF5705.JPG

142 0.487882 -0.074092 0.707520 0.505863 0.359358 -2.103231 3.395464 142 DSCF5706.JPG

143 0.468992 -0.087386 0.722733 0.500068 0.472867 -2.222434 3.451021 143 DSCF5707.JPG

144 0.492386 -0.089842 0.725070 0.473030 0.283236 -2.315190 3.575534 144 DSCF5708.JPG

145 -0.503450 0.097116 -0.731654 -0.449209 0.187027 -2.353683 3.746524 145 DSCF5709.JPG

146 0.496651 -0.106689 0.744716 0.432843 0.279023 -2.370180 3.897363 146 DSCF5710.JPG

147 -0.501587 0.117875 -0.752833 -0.409584 0.131634 -2.361137 4.012627 147 DSCF5711.JPG

148 -0.491493 0.122435 -0.767289 -0.393334 0.129858 -2.371995 4.065519 148 DSCF5712.JPG

149 -0.462150 0.117635 -0.783696 -0.397995 0.263836 -2.495093 4.091947 149 DSCF5713.JPG

150 0.420013 -0.105347 0.802748 0.409984 0.429152 -2.516234 4.065228 150 DSCF5714.JPG

151 -0.400306 0.098700 -0.801246 -0.433610 0.394788 -2.611828 3.961354 151 DSCF5715.JPG

152 -0.385737 0.081688 -0.794890 -0.461176 0.431176 -2.645804 3.844671 152 DSCF5716.JPG

153 -0.378334 0.074680 -0.791451 -0.474227 0.433926 -2.518967 3.830707 153 DSCF5717.JPG

154 -0.369511 0.067341 -0.787816 -0.488133 0.460138 -2.414978 3.792809 154 DSCF5718.JPG

155 -0.362038 0.061869 -0.774142 -0.515562 0.479836 -2.370523 3.707539 155 DSCF5719.JPG

156 0.360223 -0.056063 0.758520 0.540133 0.396860 -2.347316 3.584568 156 DSCF5720.JPG

157 0.339124 -0.038055 0.738960 0.580934 0.459547 -2.416048 3.318005 157 DSCF5721.JPG

158 -0.310059 0.032884 -0.742851 -0.592414 0.551632 -2.186367 3.360552 158 DSCF5722.JPG

159 0.272122 -0.024305 0.731645 0.624543 0.728451 -2.150685 3.259535 159 DSCF5723.JPG

160 -0.254338 0.024789 -0.725951 -0.638508 0.838517 -1.956140 3.243632 160 DSCF5724.JPG

161 0.253716 -0.019066 0.714557 0.651670 0.904230 -1.868887 3.225518 161 DSCF5725.JPG

162 -0.252912 0.021194 -0.702846 -0.664526 0.864137 -1.787469 3.231289 162 DSCF5726.JPG

163 0.236459 -0.012510 0.713288 0.659660 0.862741 -1.711461 3.270133 163 DSCF5727.JPG

164 -0.216590 0.012059 -0.739210 -0.637582 0.766029 -1.672662 3.329569 164 DSCF5728.JPG

165 -0.182842 0.028454 -0.756573 -0.627182 0.753119 -1.700088 3.354756 165 DSCF5729.JPG

166 0.165221 -0.037084 0.771632 0.613116 0.806631 -1.790848 3.413437 166 DSCF5730.JPG

167 -0.186166 0.043758 -0.785948 -0.587973 0.681133 -1.874393 3.564453 167 DSCF5731.JPG

168 -0.195749 0.041270 -0.791517 -0.577478 0.626890 -2.141734 3.632435 168 DSCF5732.JPG

169 0.186297 -0.041725 0.811137 0.552820 0.708398 -2.106246 3.757802 169 DSCF5733.JPG

170 -0.185033 0.043077 -0.829999 -0.524412 0.621139 -2.038551 3.851634 170 DSCF5734.JPG

171 -0.168421 0.043911 -0.836720 -0.519235 0.653660 -2.210807 3.844681 171 DSCF5735.JPG

172 0.158514 -0.045285 0.847266 0.504939 0.627690 -2.265879 3.872272 172 DSCF5736.JPG

173 0.154303 -0.041127 0.859125 0.486213 0.580004 -2.280436 3.916919 173 DSCF5737.JPG

174 0.142541 -0.040782 0.866924 0.475879 0.614192 -2.378795 3.961488 174 DSCF5738.JPG

175 0.129441 -0.048781 0.879254 0.455826 0.665361 -2.354527 4.052077 175 DSCF5739.JPG

176 0.106396 -0.035176 0.878800 0.463846 0.685597 -2.434035 4.002320 176 DSCF5740.JPG

177 -0.079859 0.025069 -0.872073 -0.482165 0.706067 -2.484671 3.833302 177 DSCF5741.JPG

178 -0.068356 0.022052 -0.864328 -0.497773 0.670014 -2.388007 3.706029 178 DSCF5742.JPG

179 0.059545 -0.019779 0.848608 0.525288 0.605614 -2.356148 3.532072 179 DSCF5743.JPG

180 -0.045375 0.013763 -0.833119 -0.551057 0.598362 -2.334909 3.404030 180 DSCF5744.JPG

181 0.030959 -0.015954 0.816494 0.576303 0.714685 -2.301749 3.313156 181 DSCF5745.JPG

182 -0.038805 0.018354 -0.790341 -0.611162 0.754790 -2.289766 3.147762 182 DSCF5746.JPG

183 0.055527 -0.016532 0.769248 0.636318 0.640470 -2.303784 3.043094 183 DSCF5747.JPG

184 -0.043089 0.017475 -0.771248 -0.634834 0.677455 -2.034454 3.015843 184 DSCF5748.JPG

185 -0.015643 0.016565 -0.755303 -0.654980 0.744064 -1.927426 2.846426 185 DSCF5749.JPG

186 -0.014979 -0.013014 0.749641 0.661547 0.807773 -1.723114 2.799659 186 DSCF5750.JPG

187 0.057430 0.011604 -0.731201 -0.679641 0.853807 -1.697992 2.725684 187 DSCF5751.JPG

188 0.089160 0.011950 -0.719734 -0.688397 0.828430 -1.610357 2.737932 188 DSCF5752.JPG

189 0.104647 -0.004033 -0.720675 -0.685318 0.940188 -1.479778 2.707808 189 DSCF5753.JPG

190 0.103308 0.001982 -0.739482 -0.665199 0.884377 -1.431473 2.677658 190 DSCF5754.JPG

191 -0.136445 -0.012012 0.757838 0.637903 0.895412 -1.474345 2.753267 191 DSCF5755.JPG

192 0.165710 0.028726 -0.777746 -0.605662 0.886945 -1.608397 2.876140 192 DSCF5756.JPG

193 -0.181792 -0.024867 0.792142 0.582103 0.914185 -1.728932 2.955215 193 DSCF5757.JPG

194 0.190039 0.029676 -0.800741 -0.567289 0.983301 -1.878874 2.988481 194 DSCF5758.JPG

195 -0.177067 -0.008835 0.822208 0.540873 0.927518 -1.892892 3.106763 195 DSCF5759.JPG

196 -0.155193 0.005502 0.844055 0.513279 0.790522 -1.909876 3.269987 196 DSCF5760.JPG

197 -0.162066 0.012609 0.850745 0.499809 0.879002 -2.117191 3.370910 197 DSCF5761.JPG

198 -0.175457 0.015979 0.867715 0.464791 0.946639 -2.093359 3.558070 198 DSCF5762.JPG

199 0.209587 -0.041322 -0.867899 -0.448460 1.021508 -2.177284 3.616795 199 DSCF5763.JPG

200 0.240540 -0.046721 -0.863586 -0.440656 1.004216 -2.180961 3.619334 200 DSCF5764.JPG

201 0.272962 -0.050040 -0.850881 -0.446083 1.055968 -2.105583 3.599877 201 DSCF5765.JPG

202 -0.282326 0.033627 0.837946 0.465842 0.863110 -2.119893 3.555345 202 DSCF5766.JPG

203 0.297107 -0.034416 -0.819000 -0.489675 0.771723 -2.070846 3.425071 203 DSCF5767.JPG

204 0.311879 -0.030065 -0.799957 -0.511758 0.787219 -1.976035 3.323573 204 DSCF5768.JPG

205 -0.323569 0.025637 0.777960 0.537982 0.862063 -1.953795 3.179433 205 DSCF5769.JPG

206 0.314609 -0.014575 -0.757964 -0.571227 0.829300 -1.991930 3.022284 206 DSCF5770.JPG

207 0.306901 -0.010345 -0.746985 -0.589676 0.807322 -1.870705 2.956303 207 DSCF5771.JPG

208 -0.310006 -0.000779 0.723536 0.616759 0.824721 -1.874496 2.829186 208 DSCF5772.JPG

209 -0.307881 -0.004088 0.724672 0.616476 0.773172 -1.670635 2.861692 209 DSCF5773.JPG

210 -0.321506 -0.008218 0.708867 0.627753 0.739440 -1.584570 2.839540 210 DSCF5774.JPG

211 -0.334524 -0.013453 0.693571 0.637865 0.664821 -1.458681 2.822763 211 DSCF5775.JPG

212 -0.350066 -0.027760 0.676581 0.647241 0.828138 -1.357874 2.728231 212 DSCF5776.JPG

213 0.366237 0.016623 -0.679357 -0.635664 0.918594 -1.338823 2.721168 213 DSCF5777.JPG

214 0.400711 0.008473 -0.678531 -0.615593 0.959735 -1.351781 2.659185 214 DSCF5778.JPG

215 0.431899 0.015004 -0.678182 -0.594397 0.877223 -1.453407 2.606246 215 DSCF5779.JPG

216 0.445990 0.004916 -0.690772 -0.569124 0.817856 -1.493736 2.667106 216 DSCF5780.JPG

217 -0.457072 0.011776 0.705283 0.541778 0.856523 -1.539491 2.753337 217 DSCF5781.JPG

218 0.463388 -0.021940 -0.720241 -0.515794 0.883811 -1.569644 2.834049 218 DSCF5782.JPG

219 0.465517 -0.032896 -0.734152 -0.493187 0.850270 -1.627315 2.913841 219 DSCF5783.JPG

220 -0.461945 0.038265 0.745089 0.479568 0.877641 -1.749143 3.004161 220 DSCF5784.JPG

221 -0.422378 0.051657 0.767539 0.479387 0.613876 -1.940120 3.121021 221 DSCF5785.JPG

222 -0.413438 0.061402 0.778690 0.467911 0.507636 -2.043086 3.195774 222 DSCF5786.JPG

223 0.417611 -0.084550 -0.788772 -0.443048 0.451833 -2.024110 3.295126 223 DSCF5787.JPG

224 -0.443843 0.100060 0.780193 0.429291 0.475053 -2.104093 3.311102 224 DSCF5788.JPG

225 0.476968 -0.118204 -0.767968 -0.410798 0.534820 -2.116031 3.317979 225 DSCF5789.JPG

226 -0.502441 0.108010 0.754479 0.408226 0.554993 -2.214447 3.232322 226 DSCF5790.JPG

227 0.517634 -0.110825 -0.744805 -0.406250 0.577249 -2.006337 3.205657 227 DSCF5791.JPG

228 -0.528374 0.099044 0.731824 0.418860 0.595329 -1.913513 3.124362 228 DSCF5792.JPG

229 -0.528992 0.086034 0.726370 0.430293 0.538339 -1.742191 3.088408 229 DSCF5793.JPG

230 0.522321 -0.069299 -0.720222 -0.451286 0.435155 -1.631734 3.055163 230 DSCF5794.JPG

231 -0.521054 0.047844 0.702478 0.482430 0.424078 -1.689637 2.948561 231 DSCF5795.JPG

232 0.520440 -0.032605 -0.693147 -0.497621 0.430219 -1.642870 2.898301 232 DSCF5796.JPG

233 -0.521254 0.008220 0.675511 0.521451 0.416766 -1.688154 2.820857 233 DSCF5797.JPG

234 -0.530258 0.000844 0.658294 0.534298 0.472484 -1.616353 2.768125 234 DSCF5798.JPG

235 0.538942 0.010323 -0.642484 -0.544655 0.528627 -1.534086 2.714594 235 DSCF5799.JPG

236 0.557269 0.015640 -0.622102 -0.549724 0.611285 -1.401232 2.664545 236 DSCF5800.JPG

237 -0.582573 -0.013315 0.607510 0.539781 0.664886 -1.293788 2.665813 237 DSCF5801.JPG

238 -0.592359 0.004852 0.615595 0.519741 0.621018 -1.260536 2.692801 238 DSCF5802.JPG

239 -0.591799 0.006372 0.624866 0.509191 0.531261 -1.342399 2.684394 239 DSCF5803.JPG

240 -0.594713 0.013518 0.629446 0.499932 0.474631 -1.451540 2.710922 240 DSCF5804.JPG

241 -0.594657 0.033831 0.647690 0.475116 0.433988 -1.418042 2.841701 241 DSCF5805.JPG

242 0.600856 -0.051594 -0.650565 -0.461601 0.472546 -1.486305 2.908622 242 DSCF5806.JPG

243 -0.607355 0.062110 0.648446 0.454731 0.468578 -1.666263 2.915979 243 DSCF5807.JPG

244 0.611722 -0.076859 -0.651948 -0.441421 0.420772 -1.764318 2.946792 244 DSCF5808.JPG

245 -0.613848 0.096387 0.660907 0.420835 0.393437 -1.794673 3.031115 245 DSCF5809.JPG

246 0.627176 -0.117714 -0.667958 -0.382917 0.518383 -1.774536 3.181526 246 DSCF5810.JPG

247 0.651194 -0.127742 -0.655739 -0.360050 0.631424 -1.906861 3.232150 247 DSCF5811.JPG

248 -0.678883 0.134053 0.635380 0.342696 0.697798 -2.044286 3.221603 248 DSCF5812.JPG

249 -0.691701 0.131698 0.615717 0.353691 0.499066 -2.167306 3.093417 249 DSCF5813.JPG

250 0.694313 -0.127391 -0.612662 -0.355453 0.395523 -1.918371 3.039334 250 DSCF5814.JPG

251 -0.703359 0.111400 0.599819 0.364820 0.461250 -1.831467 2.942170 251 DSCF5815.JPG

252 -0.709638 0.094303 0.586683 0.378580 0.476286 -1.746728 2.925174 252 DSCF5816.JPG

253 0.713128 -0.072886 -0.575373 -0.393805 0.451811 -1.743926 2.892972 253 DSCF5817.JPG

254 0.716815 -0.059050 -0.564110 -0.405548 0.438323 -1.690231 2.873816 254 DSCF5818.JPG

255 -0.719793 0.038497 0.551790 0.419456 0.425453 -1.652189 2.817114 255 DSCF5819.JPG

256 -0.725938 0.023457 0.542831 0.421660 0.469295 -1.539484 2.813686 256 DSCF5820.JPG

257 -0.735631 0.006784 0.528205 0.424030 0.539057 -1.458973 2.828355 257 DSCF5821.JPG

258 0.740391 0.010196 -0.518751 -0.427334 0.547978 -1.414287 2.870595 258 DSCF5822.JPG

259 0.753222 0.015659 -0.507836 -0.417750 0.615597 -1.253194 2.919869 259 DSCF5823.JPG

260 0.769166 0.012414 -0.496009 -0.402747 0.600001 -1.105804 2.985683 260 DSCF5824.JPG

261 0.774447 -0.009283 -0.498615 -0.389268 0.480486 -1.096121 2.983978 261 DSCF5825.JPG

262 -0.774428 0.038243 0.506093 0.377714 0.391439 -1.111861 2.953630 262 DSCF5826.JPG

263 -0.778490 0.063903 0.506421 0.365249 0.386411 -1.137554 2.947959 263 DSCF5827.JPG

264 0.778630 -0.077452 -0.504909 -0.364423 0.374259 -1.286638 2.939092 264 DSCF5828.JPG

265 -0.776928 0.087349 0.506809 0.363177 0.381362 -1.418118 2.927509 265 DSCF5829.JPG

266 -0.765643 0.090378 0.515199 0.374424 0.296712 -1.618400 2.843408 266 DSCF5830.JPG

267 -0.757973 0.106759 0.526090 0.370552 0.241548 -1.705462 2.844936 267 DSCF5831.JPG

268 0.761654 -0.120571 -0.526465 -0.358024 0.146428 -1.865913 2.853946 268 DSCF5832.JPG

269 -0.781168 0.128183 0.507576 0.340164 0.304197 -2.085585 2.848944 269 DSCF5833.JPG

270 -0.794791 0.136893 0.487951 0.333873 0.412904 -2.284065 2.810715 270 DSCF5834.JPG

271 -0.809874 0.143420 0.465195 0.327304 0.422168 -2.322874 2.796729 271 DSCF5835.JPG

272 0.827750 -0.163668 -0.439037 -0.308689 0.433112 -2.234353 2.833972 272 DSCF5836.JPG

273 0.832997 -0.165151 -0.433188 -0.301977 0.238733 -2.129661 2.871760 273 DSCF5837.JPG

274 -0.852883 0.153572 0.408911 0.286002 0.279940 -1.925199 2.899169 274 DSCF5838.JPG

275 -0.862362 0.128060 0.395399 0.289124 0.216878 -1.862823 2.874089 275 DSCF5839.JPG

276 -0.869448 0.109038 0.386244 0.288074 0.282753 -1.672141 2.863219 276 DSCF5840.JPG

277 0.875466 -0.069461 -0.373226 -0.299060 0.370098 -1.658525 2.788980 277 DSCF5841.JPG

278 0.872353 -0.043355 -0.381393 -0.302753 0.394243 -1.524543 2.774591 278 DSCF5842.JPG

279 -0.869206 0.013218 0.386687 0.307861 0.440557 -1.394846 2.714337 279 DSCF5843.JPG

280 -0.864636 -0.027874 0.384000 0.322756 0.462411 -1.423436 2.615130 280 DSCF5844.JPG

281 0.859716 0.050316 -0.389361 -0.326734 0.462993 -1.298781 2.663473 281 DSCF5845.JPG

282 0.847490 0.080167 -0.400134 -0.339452 0.439419 -1.190056 2.724105 282 DSCF5846.JPG

283 -0.822688 -0.092942 0.415849 0.376319 0.423797 -1.133173 2.808959 283 DSCF5847.JPG

284 0.783610 0.074715 -0.451845 -0.419772 0.337813 -1.010402 2.871444 284 DSCF5848.JPG

285 0.749968 0.058187 -0.467270 -0.464565 0.439218 -1.035582 2.810456 285 DSCF5849.JPG

286 0.684323 0.040307 -0.505879 -0.523606 0.318709 -1.088260 2.774175 286 DSCF5850.JPG

287 -0.617185 -0.001771 0.538944 0.573253 0.254097 -1.079851 2.735769 287 DSCF5851.JPG

288 -0.547334 0.009973 0.584128 0.599266 0.117054 -1.036883 2.707015 288 DSCF5852.JPG

289 0.494827 -0.029633 -0.596721 -0.631024 0.196431 -1.126824 2.634812 289 DSCF5853.JPG

290 0.422405 -0.037180 -0.624811 -0.655594 0.134889 -1.145092 2.560545 290 DSCF5854.JPG

291 0.366441 -0.045748 -0.631537 -0.681754 0.280914 -1.288758 2.505640 291 DSCF5855.JPG

292 -0.299778 0.063995 0.640864 0.703797 0.262067 -1.399936 2.534730 292 DSCF5856.JPG

