1 PINHOLE 1244 825 1131.502712 1130.715148 622.000000 412.500000
2 PINHOLE 1244 825 1132.100943 1133.229808 622.000000 412.500000
3 PINHOLE 1244 825 1131.835411 1132.899432 622.000000 412.500000
4 PINHOLE 1244 825 1131.855870 1132.695198 622.000000 412.500000
5 PINHOLE 1244 825 1131.324440 1131.559190 622.000000 412.500000
6 PINHOLE 1244 825 1131.236118 1131.479126 622.000000 412.500000
7 PINHOLE 1244 825 1130.552424 1130.973196 622.000000 412.500000
8 PINHOLE 1244 825 1130.823239 1130.214005 622.000000 412.500000
9 PINHOLE 1244 825 1131.553678 1132.964128 622.000000 412.500000
10 PINHOLE 1244 825 1131.040187 1130.142684 622.000000 412.500000
11 PINHOLE 1244 825 1130.184261 1128.689239 622.000000 412.500000
12 PINHOLE 1244 825 1131.588190 1130.306985 622.000000 412.500000
13 PINHOLE 1244 825 1132.628134 1133.490868 622.000000 412.500000
14 PINHOLE 1244 825 1132.084794 1132.214326 622.000000 412.500000
15 PINHOLE 1244 825 1131.129763 1132.248107 622.000000 412.500000
16 PINHOLE 1244 825 1131.354468 1132.107537 622.000000 412.500000
17 PINHOLE 1244 825 1131.140142 1131.882899 622.000000 412.500000
18 PINHOLE 1244 825 1131.582278 1132.181070 622.000000 412.500000
19 PINHOLE 1244 825 1132.593414 1132.890925 622.000000 412.500000
20 PINHOLE 1244 825 1132.280843 1133.431584 622.000000 412.500000
21 PINHOLE 1244 825 1132.622214 1133.136193 622.000000 412.500000
22 PINHOLE 1244 825 1131.975119 1133.344665 622.000000 412.500000
23 PINHOLE 1244 825 1132.371849 1133.060659 622.000000 412.500000
24 PINHOLE 1244 825 1132.090550 1132.299307 622.000000 412.500000
25 PINHOLE 1244 825 1132.453269 1134.336467 622.000000 412.500000
26 PINHOLE 1244 825 1131.584675 1132.112992 622.000000 412.500000
27 PINHOLE 1244 825 1132.772794 1133.471316 622.000000 412.500000
28 PINHOLE 1244 825 1131.579881 1132.626225 622.000000 412.500000
29 PINHOLE 1244 825 1132.364012 1132.293956 622.000000 412.500000
30 PINHOLE 1244 825 1131.344725 1132.085720 622.000000 412.500000
31 PINHOLE 1244 825 1132.890431 1132.753364 622.000000 412.500000
32 PINHOLE 1244 825 1131.275406 1131.877761 622.000000 412.500000
33 PINHOLE 1244 825 1132.639495 1133.194609 622.000000 412.500000
34 PINHOLE 1244 825 1132.042905 1132.618457 622.000000 412.500000
35 PINHOLE 1244 825 1131.625100 1130.006966 622.000000 412.500000
36 PINHOLE 1244 825 1132.033632 1132.566497 622.000000 412.500000
37 PINHOLE 1244 825 1133.140972 1134.116203 622.000000 412.500000
38 PINHOLE 1244 825 1131.682786 1132.550962 622.000000 412.500000
39 PINHOLE 1244 825 1133.513499 1135.244946 622.000000 412.500000
40 PINHOLE 1244 825 1132.498541 1132.283989 622.000000 412.500000
41 PINHOLE 1244 825 1131.887199 1132.551277 622.000000 412.500000
42 PINHOLE 1244 825 1132.343539 1131.973185 622.000000 412.500000
43 PINHOLE 1244 825 1133.263632 1132.953310 622.000000 412.500000
44 PINHOLE 1244 825 1132.492302 1132.937135 622.000000 412.500000
45 PINHOLE 1244 825 1133.260109 1132.442648 622.000000 412.500000
46 PINHOLE 1244 825 1131.526198 1131.476821 622.000000 412.500000
47 PINHOLE 1244 825 1133.545219 1134.533011 622.000000 412.500000
48 PINHOLE 1244 825 1131.585793 1131.603522 622.000000 412.500000
49 PINHOLE 1244 825 1134.972905 1134.563545 622.000000 412.500000
50 PINHOLE 1244 825 1132.126846 1131.785287 622.000000 412.500000
51 PINHOLE 1244 825 1132.897794 1133.316186 622.000000 412.500000
52 PINHOLE 1244 825 1132.233825 1132.455766 622.000000 412.500000
53 PINHOLE 1244 825 1136.093511 1137.168201 622.000000 412.500000
54 PINHOLE 1244 825 1131.176391 1131.614108 622.000000 412.500000
55 PINHOLE 1244 825 1133.773226 1133.546688 622.000000 412.500000
56 PINHOLE 1244 825 1131.271414 1131.431973 622.000000 412.500000
57 PINHOLE 1244 825 1134.155372 1134.061806 622.000000 412.500000
58 PINHOLE 1244 825 1129.952100 1130.893311 622.000000 412.500000
59 PINHOLE 1244 825 1129.952419 1128.167057 622.000000 412.500000
60 PINHOLE 1244 825 1131.252408 1131.266440 622.000000 412.500000
61 PINHOLE 1244 825 1133.499401 1133.711969 622.000000 412.500000
62 PINHOLE 1244 825 1131.978636 1132.694464 622.000000 412.500000
63 PINHOLE 1244 825 1132.172258 1132.878428 622.000000 412.500000
64 PINHOLE 1244 825 1131.872174 1132.189358 622.000000 412.500000
65 PINHOLE 1244 825 1132.079039 1131.482689 622.000000 412.500000
66 PINHOLE 1244 825 1132.355695 1132.321971 622.000000 412.500000
67 PINHOLE 1244 825 1132.715823 1131.574700 622.000000 412.500000
68 PINHOLE 1244 825 1131.836850 1132.383146 622.000000 412.500000
69 PINHOLE 1244 825 1131.035238 1129.183134 622.000000 412.500000
70 PINHOLE 1244 825 1132.179294 1132.088342 622.000000 412.500000
71 PINHOLE 1244 825 1130.939448 1129.787975 622.000000 412.500000
72 PINHOLE 1244 825 1131.811597 1132.828547 622.000000 412.500000
73 PINHOLE 1244 825 1130.854205 1129.676052 622.000000 412.500000
74 PINHOLE 1244 825 1132.169860 1132.763759 622.000000 412.500000
75 PINHOLE 1244 825 1132.271567 1131.753731 622.000000 412.500000
76 PINHOLE 1244 825 1131.693812 1132.319873 622.000000 412.500000
77 PINHOLE 1244 825 1134.294237 1135.239359 622.000000 412.500000
78 PINHOLE 1244 825 1131.535464 1131.782142 622.000000 412.500000
79 PINHOLE 1244 825 1135.977452 1136.884191 622.000000 412.500000
80 PINHOLE 1244 825 1131.922686 1132.504359 622.000000 412.500000
81 PINHOLE 1244 825 1131.095113 1129.654422 622.000000 412.500000
82 PINHOLE 1244 825 1131.941069 1132.283150 622.000000 412.500000
83 PINHOLE 1244 825 1128.788734 1126.950182 622.000000 412.500000
84 PINHOLE 1244 825 1132.042266 1132.142467 622.000000 412.500000
85 PINHOLE 1244 825 1133.052592 1132.701708 622.000000 412.500000
86 PINHOLE 1244 825 1131.499198 1131.332753 622.000000 412.500000
87 PINHOLE 1244 825 1126.618102 1124.855563 622.000000 412.500000
88 PINHOLE 1244 825 1132.364812 1133.071900 622.000000 412.500000
89 PINHOLE 1244 825 1130.998996 1130.446742 622.000000 412.500000
90 PINHOLE 1244 825 1131.067809 1131.544308 622.000000 412.500000
91 PINHOLE 1244 825 1133.144654 1132.964548 622.000000 412.500000
92 PINHOLE 1244 825 1132.835051 1134.156609 622.000000 412.500000
93 PINHOLE 1244 825 1133.289095 1133.172229 622.000000 412.500000
94 PINHOLE 1244 825 1132.129085 1132.908569 622.000000 412.500000
95 PINHOLE 1244 825 1131.101021 1129.988879 622.000000 412.500000
96 PINHOLE 1244 825 1133.112631 1133.557516 622.000000 412.500000
97 PINHOLE 1244 825 1131.366288 1131.803844 622.000000 412.500000
98 PINHOLE 1244 825 1131.843563 1133.413400 622.000000 412.500000
99 PINHOLE 1244 825 1132.049940 1131.674063 622.000000 412.500000
100 PINHOLE 1244 825 1133.014170 1132.965809 622.000000 412.500000
101 PINHOLE 1244 825 1138.232938 1139.457429 622.000000 412.500000
102 PINHOLE 1244 825 1132.801281 1132.885779 622.000000 412.500000
103 PINHOLE 1244 825 1131.743033 1130.824322 622.000000 412.500000
104 PINHOLE 1244 825 1132.892992 1133.188830 622.000000 412.500000
105 PINHOLE 1244 825 1123.853278 1122.542284 622.000000 412.500000
106 PINHOLE 1244 825 1133.008567 1135.289850 622.000000 412.500000
107 PINHOLE 1244 825 1137.478143 1138.166347 622.000000 412.500000
108 PINHOLE 1244 825 1132.006134 1132.729425 622.000000 412.500000
109 PINHOLE 1244 825 1137.057088 1138.053166 622.000000 412.500000
110 PINHOLE 1244 825 1131.869137 1132.149810 622.000000 412.500000
111 PINHOLE 1244 825 1135.982435 1137.072319 622.000000 412.500000
112 PINHOLE 1244 825 1132.241022 1132.603971 622.000000 412.500000
113 PINHOLE 1244 825 1135.101971 1135.539410 622.000000 412.500000
114 PINHOLE 1244 825 1133.422351 1134.170289 622.000000 412.500000
115 PINHOLE 1244 825 1129.719535 1129.291316 622.000000 412.500000
116 PINHOLE 1244 825 1130.510142 1130.503971 622.000000 412.500000
117 PINHOLE 1244 825 1131.340572 1131.312010 622.000000 412.500000
118 PINHOLE 1244 825 1132.714223 1133.346662 622.000000 412.500000
119 PINHOLE 1244 825 1133.624364 1134.367624 622.000000 412.500000
120 PINHOLE 1244 825 1133.980143 1134.220485 622.000000 412.500000
121 PINHOLE 1244 825 1135.216126 1136.105313 622.000000 412.500000
122 PINHOLE 1244 825 1130.882459 1130.761725 622.000000 412.500000
123 PINHOLE 1244 825 1129.875899 1129.794037 622.000000 412.500000
124 PINHOLE 1244 825 1132.689739 1132.645856 622.000000 412.500000
125 PINHOLE 1244 825 1139.884926 1141.036078 622.000000 412.500000