1 0.917436 -0.391309 0.069352 0.019428 -0.335576 -2.099033 3.709480 1 _DSC9213.JPG

2 0.927382 -0.356763 -0.090039 -0.067649 -0.461833 -2.063844 3.323479 2 _DSC9214.JPG

3 -0.902339 0.360078 0.208256 0.112948 -0.244957 -1.946071 3.264603 3 _DSC9215.JPG

4 -0.888165 0.337197 0.277299 0.143409 0.005630 -1.970467 3.171026 4 _DSC9216.JPG

5 0.845619 -0.307007 -0.396402 -0.183143 0.138052 -1.938238 3.098965 5 _DSC9217.JPG

6 0.770341 -0.271274 -0.521918 -0.246145 0.177157 -1.935731 3.349562 6 _DSC9218.JPG

7 -0.708352 0.240340 0.595524 0.292960 0.278455 -2.043349 3.538806 7 _DSC9219.JPG

8 0.635913 -0.197842 -0.668158 -0.331719 0.492118 -2.099143 3.586129 8 _DSC9220.JPG

9 -0.498308 0.156840 0.756042 0.394324 0.234806 -2.113710 3.521701 9 _DSC9221.JPG

10 -0.363884 0.112597 0.823935 0.419575 0.495673 -1.983301 3.339628 10 _DSC9222.JPG

11 -0.225901 0.036519 0.867431 0.441813 0.736294 -1.981116 3.031468 11 _DSC9223.JPG

12 0.015892 -0.031518 0.903024 0.428137 0.409269 -1.806283 3.512355 12 _DSC9224.JPG

13 -0.261610 0.126685 -0.861341 -0.416656 0.010364 -1.953869 3.838950 13 _DSC9225.JPG

14 0.448281 -0.178114 0.785772 0.387146 -0.226786 -2.004161 3.958692 14 _DSC9226.JPG

15 -0.604177 0.238529 -0.681105 -0.337890 -0.266960 -2.095948 3.974905 15 _DSC9227.JPG

16 0.774191 -0.292895 0.497117 0.260221 -0.324185 -2.178451 3.535286 16 _DSC9228.JPG

17 -0.866721 0.320786 -0.339188 -0.175621 -0.244636 -2.105947 3.529288 17 _DSC9229.JPG

18 -0.915262 0.346954 -0.180535 -0.096568 -0.218089 -2.111481 3.461134 18 _DSC9230.JPG

19 0.953897 -0.272697 0.110038 0.060068 -0.346025 -1.995367 3.080911 19 _DSC9231.JPG

20 0.886091 -0.448127 0.111045 0.041153 -0.427114 -1.230242 3.805354 20 _DSC9232.JPG

21 0.951539 -0.277669 -0.110986 -0.071797 -0.295818 -1.922614 3.016268 21 _DSC9233.JPG

22 0.885465 -0.452373 -0.101015 -0.033266 -0.074654 -1.112323 3.621815 22 _DSC9234.JPG

23 0.871722 -0.274456 -0.359251 -0.188979 0.100728 -1.858081 3.008248 23 _DSC9235.JPG

24 0.815619 -0.417360 -0.378954 -0.130266 0.118835 -1.159894 3.529979 24 _DSC9236.JPG

25 0.708504 -0.198428 -0.596394 -0.320876 0.558067 -2.030530 3.314379 25 _DSC9237.JPG

26 -0.640120 0.351651 0.657499 0.185157 0.479340 -0.752847 3.973128 26 _DSC9238.JPG

27 -0.452098 0.143655 0.788047 0.392367 0.572196 -1.664764 3.921943 27 _DSC9239.JPG

28 0.455877 -0.236170 -0.820002 -0.252974 0.922917 -0.585983 4.304296 28 _DSC9240.JPG

29 0.169803 -0.035295 -0.865561 -0.469814 0.615189 -1.957946 3.808187 29 _DSC9241.JPG

30 0.148890 -0.080364 -0.946896 -0.273425 0.560634 -0.463000 4.403701 30 _DSC9242.JPG

31 0.177309 -0.065049 0.840780 0.507365 0.076378 -2.167555 3.169759 31 _DSC9243.JPG

32 -0.183457 0.094065 -0.926916 -0.313562 -0.116894 -0.963759 3.880233 32 _DSC9244.JPG

33 -0.428976 0.148214 -0.786694 -0.418480 -0.026854 -1.963138 3.603013 33 _DSC9245.JPG

34 -0.383692 0.202018 -0.857681 -0.276319 0.077114 -0.987746 4.155364 34 _DSC9246.JPG

35 -0.675746 0.265085 -0.603547 -0.329893 -0.024688 -1.889511 3.823841 35 _DSC9247.JPG

36 -0.631950 0.372702 -0.637487 -0.235249 -0.087134 -0.915817 4.271135 36 _DSC9248.JPG

37 -0.894665 0.307952 -0.277468 -0.166587 -0.439956 -1.999287 3.554778 37 _DSC9249.JPG

38 -0.807289 0.477221 -0.327839 -0.114310 -0.244239 -0.643057 4.132844 38 _DSC9250.JPG

39 -0.978807 0.198178 -0.028744 -0.042847 -0.253519 -1.924907 2.852101 39 _DSC9251.JPG

40 -0.914915 0.399968 -0.047244 -0.026911 -0.231180 -0.885155 3.593500 40 _DSC9252.JPG

41 0.955987 -0.196687 -0.187646 -0.110419 0.119071 -1.727499 2.715427 41 _DSC9253.JPG

42 0.864217 -0.457554 -0.197413 -0.069298 0.184504 -0.212577 3.377954 42 _DSC9254.JPG

43 -0.812378 0.138754 0.474829 0.308750 0.303984 -1.765063 2.883193 43 _DSC9255.JPG

44 -0.754874 0.345624 0.521384 0.197148 0.372219 -0.420494 3.637105 44 _DSC9256.JPG

45 -0.587128 0.095141 0.667758 0.447581 0.426529 -1.841906 3.463301 45 _DSC9257.JPG

46 0.542234 -0.256668 -0.751436 -0.274680 0.472591 -0.408173 4.012645 46 _DSC9258.JPG

47 -0.309144 0.037598 0.765272 0.563360 0.642996 -1.830524 2.880347 47 _DSC9259.JPG

48 -0.304394 0.141996 0.868861 0.363678 0.792346 -0.667669 3.434124 48 _DSC9260.JPG

49 0.086145 -0.024653 0.786417 0.611162 0.303955 -2.025434 2.778521 49 _DSC9261.JPG

50 0.044742 -0.018234 0.931315 0.360996 0.602064 -0.491566 3.540061 50 _DSC9262.JPG

51 0.473450 -0.128491 0.701749 0.516607 -0.134011 -2.090622 3.489300 51 _DSC9263.JPG

52 -0.433504 0.222817 -0.810106 -0.325816 -0.103737 -0.572362 4.309047 52 _DSC9264.JPG

53 0.705902 -0.145176 0.551499 0.420090 -0.199454 -2.043947 3.072233 53 _DSC9265.JPG

54 -0.636302 0.360578 -0.642550 -0.228544 -0.323074 -0.356410 3.906916 54 _DSC9266.JPG

55 0.898467 -0.156596 0.315431 0.262178 -0.405258 -1.861495 2.514027 55 _DSC9267.JPG

56 -0.789259 0.447539 -0.401142 -0.125958 -0.325622 -0.096340 3.478828 56 _DSC9268.JPG

57 -0.979232 0.190695 -0.041339 -0.055060 -0.197133 -1.734194 2.724723 57 _DSC9269.JPG

58 -0.872448 0.483506 -0.060110 -0.037988 -0.169803 -0.364086 3.448977 58 _DSC9270.JPG

59 0.982943 -0.078193 -0.130395 -0.103468 -0.195013 -1.666088 2.849270 59 _DSC9271.JPG

60 0.918862 -0.361061 -0.146050 -0.063231 -0.155335 -0.468841 3.144585 60 _DSC9272.JPG

61 0.899964 -0.090310 -0.330629 -0.269430 0.176290 -1.547090 2.834304 61 _DSC9273.JPG

62 -0.851588 0.313148 0.382349 0.174773 0.219612 -0.492763 3.134176 62 _DSC9274.JPG

63 0.718375 -0.168624 -0.571825 -0.358495 0.360908 -0.759346 3.366251 63 _DSC9275.JPG

64 0.704279 -0.241337 -0.603471 -0.285607 0.442765 -0.506724 3.390101 64 _DSC9276.JPG

65 0.523276 -0.140088 -0.722662 -0.429321 0.589216 -0.614857 3.938589 65 _DSC9277.JPG

66 -0.485877 0.208600 0.780747 0.332931 0.434938 -0.029286 4.037026 66 _DSC9278.JPG

67 -0.268565 0.028062 0.744475 0.610609 0.411368 -1.673302 3.480246 67 _DSC9279.JPG

68 -0.275820 0.098686 0.853747 0.430465 0.606666 -0.510264 3.783296 68 _DSC9280.JPG

69 -0.013057 -0.027148 0.745024 0.666357 0.438960 -1.839053 2.898516 69 _DSC9281.JPG

70 0.030028 0.007034 -0.881847 -0.470525 0.525554 -0.668414 3.282636 70 _DSC9282.JPG

71 -0.424132 0.048405 -0.669626 -0.607758 -0.161847 -2.061696 3.010397 71 _DSC9283.JPG

72 -0.368351 0.147742 -0.817967 -0.416437 0.083117 -0.694570 3.555915 72 _DSC9284.JPG

73 -0.735510 0.087616 -0.499136 -0.449679 -0.347421 -2.104935 3.113200 73 _DSC9285.JPG

74 -0.697711 0.258723 -0.592501 -0.308554 -0.362814 -0.795081 3.686429 74 _DSC9286.JPG

75 -0.949683 0.125265 -0.207708 -0.198161 -0.478389 -1.823812 2.798006 75 _DSC9287.JPG

76 0.886310 -0.347000 0.272097 0.141455 -0.312911 -0.691584 3.371511 76 _DSC9288.JPG

77 0.999212 -0.019619 -0.010871 -0.032746 -0.328136 -1.352262 2.984885 77 _DSC9289.JPG

78 0.926171 -0.374650 -0.042846 -0.003109 -0.462845 0.404012 3.085386 78 _DSC9290.JPG

79 0.951838 -0.024951 -0.216876 -0.215281 0.029441 -1.244412 2.883410 79 _DSC9291.JPG

80 -0.863771 0.383637 0.300994 0.126980 -0.080338 0.740362 2.872939 80 _DSC9292.JPG

81 0.791678 -0.017566 -0.434534 -0.429089 0.332563 -1.501867 3.162562 81 _DSC9293.JPG

82 -0.729764 0.318215 0.562125 0.224053 0.362692 0.988643 3.260594 82 _DSC9294.JPG

83 -0.584729 -0.000818 0.565452 0.581682 0.629971 -1.578245 3.257941 83 _DSC9295.JPG

84 0.536739 -0.205206 -0.746786 -0.334831 0.544237 0.864499 3.483339 84 _DSC9296.JPG

85 -0.252392 -0.005175 0.674408 0.693863 0.424707 -1.682528 3.344354 85 _DSC9297.JPG

86 0.225074 -0.075056 -0.880499 -0.410401 0.359621 0.859258 3.591745 86 _DSC9298.JPG

87 -0.079992 0.019704 -0.653860 -0.752117 0.250274 -1.875131 2.799995 87 _DSC9299.JPG

88 0.076627 -0.040721 0.900332 0.426466 0.248474 0.493207 3.345766 88 _DSC9300.JPG

89 -0.473541 -0.002744 -0.590871 -0.653163 -0.218493 -1.869191 3.037950 89 _DSC9301.JPG

90 0.436681 -0.189672 0.793955 0.378113 -0.226016 0.613785 3.451699 90 _DSC9302.JPG

91 -0.750392 0.026494 -0.463358 -0.470648 -0.443895 -1.754282 3.248210 91 _DSC9303.JPG

92 -0.709219 0.254695 -0.580867 -0.307786 -0.459629 0.227409 3.630697 92 _DSC9304.JPG

93 0.919818 -0.062536 0.260709 0.286454 -0.360671 -1.556672 3.300415 93 _DSC9305.JPG

94 0.874826 -0.322452 0.323267 0.161870 -0.487855 0.235784 3.630730 94 _DSC9306.JPG

95 -0.996541 0.025799 -0.063951 -0.046376 -0.221833 -1.492880 2.958983 95 _DSC9307.JPG

96 0.939825 -0.337181 0.046412 0.029740 -0.388743 0.290714 3.259096 96 _DSC9308.JPG

97 -0.983454 -0.095147 0.090783 0.124595 -0.226513 -1.226254 2.631460 97 _DSC9309.JPG

98 -0.912252 0.371535 0.154940 0.075843 -0.405197 1.264316 2.683458 98 _DSC9310.JPG

99 0.871422 0.045485 -0.322051 -0.367204 0.144471 -1.064175 2.676112 99 _DSC9311.JPG

100 0.810340 -0.304686 -0.446725 -0.225726 0.076789 0.796869 2.939460 100 _DSC9312.JPG

101 -0.659762 -0.033171 0.493454 0.565789 0.386929 -1.331226 3.002338 101 _DSC9313.JPG

102 0.626866 -0.247405 -0.667380 -0.316913 0.511861 1.060166 3.229142 102 _DSC9314.JPG

103 -0.303952 -0.015562 0.611925 0.730013 0.441632 -1.626530 3.066865 103 _DSC9315.JPG

104 -0.298511 0.094840 0.848070 0.427404 0.478676 1.036219 3.535269 104 _DSC9317.JPG

105 0.084618 0.014112 0.600566 0.794960 0.057467 -1.753316 2.590073 105 _DSC9318.JPG

106 -0.080276 0.026586 -0.900075 -0.427451 0.015564 1.000373 3.185346 106 _DSC9319.JPG

107 0.529804 0.002824 0.567499 0.630274 -0.339841 -1.823742 3.335408 107 _DSC9320.JPG

108 0.499810 -0.223743 0.767144 0.334095 -0.489256 1.440068 3.588958 108 _DSC9321.JPG

109 -0.812054 -0.013871 -0.391008 -0.432999 -0.531459 -1.598580 3.199592 109 _DSC9322.JPG

110 -0.728296 0.344459 -0.553964 -0.209898 -0.399389 1.738065 3.327760 110 _DSC9323.JPG

111 -0.959146 0.028030 -0.206507 -0.191334 -0.416170 -1.401732 3.397415 111 _DSC9324.JPG

112 0.883599 -0.373406 0.263692 0.101425 -0.396071 1.442434 3.452638 112 _DSC9325.JPG

113 0.999996 -0.002640 0.001197 0.000314 -0.268341 -1.314926 3.107427 113 _DSC9326.JPG

114 0.914389 -0.404305 -0.019807 -0.006199 -0.420682 1.404879 3.171533 114 _DSC9327.JPG

115 0.970214 0.102584 -0.135510 -0.172620 -0.198708 -0.630148 2.513500 115 _DSC9328.JPG

116 -0.872764 -0.085357 0.260507 0.403897 0.192554 -0.581287 2.159827 116 _DSC9329.JPG

117 0.711735 0.067780 -0.425137 -0.555066 0.480502 -0.943735 2.338192 117 _DSC9330.JPG

118 -0.510355 -0.039007 0.537353 0.670275 0.413426 -1.128782 2.813841 118 _DSC9331.JPG

119 0.188100 0.020516 -0.609039 -0.770239 0.225514 -1.193544 2.680844 119 _DSC9332.JPG

120 -0.082968 -0.010366 -0.595110 -0.799283 0.051763 -1.241735 2.361279 120 _DSC9333.JPG

121 0.368546 0.039801 0.547273 0.750388 -0.028254 -1.395508 2.295980 121 _DSC9334.JPG

122 0.618386 0.071998 0.463919 0.630234 -0.287000 -1.362025 2.170156 122 _DSC9335.JPG

123 0.845387 0.118402 0.312056 0.417040 -0.472233 -1.124296 2.078319 123 _DSC9336.JPG

124 0.959063 0.149986 0.136730 0.197503 -0.674920 -1.108426 1.826675 124 _DSC9337.JPG

125 0.991318 0.122117 0.044643 0.019562 -0.379911 -0.866658 1.765244 125 _DSC9338.JPG

