1 PINHOLE 1558 1039 1610.650438 1613.493843 779.000000 519.500000
2 PINHOLE 1558 1039 1612.659260 1615.434854 779.000000 519.500000
3 PINHOLE 1558 1039 1617.050057 1619.777013 779.000000 519.500000
4 PINHOLE 1558 1039 1616.215615 1618.838469 779.000000 519.500000
5 PINHOLE 1558 1039 1617.790095 1620.630306 779.000000 519.500000
6 PINHOLE 1558 1039 1617.058561 1619.837437 779.000000 519.500000
7 PINHOLE 1558 1039 1617.297333 1620.094121 779.000000 519.500000
8 PINHOLE 1558 1039 1617.192794 1620.153238 779.000000 519.500000
9 PINHOLE 1558 1039 1618.579317 1621.730093 779.000000 519.500000
10 PINHOLE 1558 1039 1618.786228 1622.180373 779.000000 519.500000
11 PINHOLE 1558 1039 1619.117300 1622.448553 779.000000 519.500000
12 PINHOLE 1558 1039 1619.318886 1622.984819 779.000000 519.500000
13 PINHOLE 1558 1039 1618.953788 1622.558944 779.000000 519.500000
14 PINHOLE 1558 1039 1620.500073 1624.206108 779.000000 519.500000
15 PINHOLE 1558 1039 1621.083519 1624.806194 779.000000 519.500000
16 PINHOLE 1558 1039 1622.962240 1626.463689 779.000000 519.500000
17 PINHOLE 1558 1039 1620.585664 1624.010784 779.000000 519.500000
18 PINHOLE 1558 1039 1619.436374 1622.831901 779.000000 519.500000
19 PINHOLE 1558 1039 1614.860046 1618.038243 779.000000 519.500000
20 PINHOLE 1558 1039 1617.542697 1620.899849 779.000000 519.500000
21 PINHOLE 1558 1039 1616.155028 1619.468646 779.000000 519.500000
22 PINHOLE 1558 1039 1615.582336 1618.775625 779.000000 519.500000
23 PINHOLE 1558 1039 1615.621350 1618.620772 779.000000 519.500000
24 PINHOLE 1558 1039 1614.340214 1617.272501 779.000000 519.500000
25 PINHOLE 1558 1039 1612.000279 1614.559943 779.000000 519.500000
26 PINHOLE 1558 1039 1610.922832 1613.460053 779.000000 519.500000
27 PINHOLE 1558 1039 1611.667152 1614.491294 779.000000 519.500000
28 PINHOLE 1558 1039 1612.742706 1615.757859 779.000000 519.500000
29 PINHOLE 1558 1039 1612.205826 1614.851760 779.000000 519.500000
30 PINHOLE 1558 1039 1611.684805 1614.266737 779.000000 519.500000
31 PINHOLE 1558 1039 1611.287325 1613.863799 779.000000 519.500000
32 PINHOLE 1558 1039 1612.761605 1615.161012 779.000000 519.500000
33 PINHOLE 1558 1039 1612.548827 1614.730268 779.000000 519.500000
34 PINHOLE 1558 1039 1612.338179 1614.508456 779.000000 519.500000
35 PINHOLE 1558 1039 1611.767802 1613.948066 779.000000 519.500000
36 PINHOLE 1558 1039 1611.389161 1613.192914 779.000000 519.500000
37 PINHOLE 1558 1039 1600.811016 1599.829233 779.000000 519.500000
38 PINHOLE 1558 1039 1611.941909 1613.860501 779.000000 519.500000
39 PINHOLE 1558 1039 1612.229253 1614.655004 779.000000 519.500000
40 PINHOLE 1558 1039 1614.336404 1617.195367 779.000000 519.500000
41 PINHOLE 1558 1039 1613.488882 1617.196525 779.000000 519.500000
42 PINHOLE 1558 1039 1614.396758 1618.405283 779.000000 519.500000
43 PINHOLE 1558 1039 1615.917146 1620.734823 779.000000 519.500000
44 PINHOLE 1558 1039 1613.283437 1616.682910 779.000000 519.500000
45 PINHOLE 1558 1039 1609.535430 1611.084651 779.000000 519.500000
46 PINHOLE 1558 1039 1609.933189 1612.625446 779.000000 519.500000
47 PINHOLE 1558 1039 1610.161076 1612.759991 779.000000 519.500000
48 PINHOLE 1558 1039 1608.722301 1610.911078 779.000000 519.500000
49 PINHOLE 1558 1039 1610.376282 1613.051878 779.000000 519.500000
50 PINHOLE 1558 1039 1609.199582 1611.115392 779.000000 519.500000
51 PINHOLE 1558 1039 1609.119245 1610.969754 779.000000 519.500000
52 PINHOLE 1558 1039 1609.735330 1611.498174 779.000000 519.500000
53 PINHOLE 1558 1039 1609.331413 1611.459856 779.000000 519.500000
54 PINHOLE 1558 1039 1611.126564 1613.387204 779.000000 519.500000
55 PINHOLE 1558 1039 1612.233056 1614.621501 779.000000 519.500000
56 PINHOLE 1558 1039 1611.955275 1614.530404 779.000000 519.500000
57 PINHOLE 1558 1039 1612.434603 1615.757859 779.000000 519.500000
58 PINHOLE 1558 1039 1613.187054 1616.238865 779.000000 519.500000
59 PINHOLE 1558 1039 1613.022671 1616.065937 779.000000 519.500000
60 PINHOLE 1558 1039 1614.859800 1618.153061 779.000000 519.500000
61 PINHOLE 1558 1039 1614.780726 1618.243866 779.000000 519.500000
62 PINHOLE 1558 1039 1614.573540 1618.307667 779.000000 519.500000
63 PINHOLE 1558 1039 1614.768429 1618.358048 779.000000 519.500000
64 PINHOLE 1558 1039 1613.265265 1616.537351 779.000000 519.500000
65 PINHOLE 1558 1039 1615.707384 1619.543819 779.000000 519.500000
66 PINHOLE 1558 1039 1613.828639 1617.103675 779.000000 519.500000
67 PINHOLE 1558 1039 1612.369583 1615.899985 779.000000 519.500000
68 PINHOLE 1558 1039 1617.860157 1621.427870 779.000000 519.500000
69 PINHOLE 1558 1039 1617.953416 1621.573729 779.000000 519.500000
70 PINHOLE 1558 1039 1618.160690 1621.759373 779.000000 519.500000
71 PINHOLE 1558 1039 1619.873830 1623.497071 779.000000 519.500000
72 PINHOLE 1558 1039 1618.560308 1622.483184 779.000000 519.500000
73 PINHOLE 1558 1039 1617.547136 1620.586110 779.000000 519.500000
74 PINHOLE 1558 1039 1616.546943 1619.768381 779.000000 519.500000
75 PINHOLE 1558 1039 1616.100724 1618.764184 779.000000 519.500000
76 PINHOLE 1558 1039 1614.558294 1617.063957 779.000000 519.500000
77 PINHOLE 1558 1039 1615.441060 1617.940998 779.000000 519.500000
78 PINHOLE 1558 1039 1614.456624 1616.569604 779.000000 519.500000
79 PINHOLE 1558 1039 1614.973196 1617.064122 779.000000 519.500000
80 PINHOLE 1558 1039 1613.495022 1615.499941 779.000000 519.500000
81 PINHOLE 1558 1039 1613.407583 1615.736707 779.000000 519.500000
82 PINHOLE 1558 1039 1612.182400 1614.592124 779.000000 519.500000
83 PINHOLE 1558 1039 1613.286384 1615.734394 779.000000 519.500000
84 PINHOLE 1558 1039 1613.153168 1616.058829 779.000000 519.500000
85 PINHOLE 1558 1039 1614.270645 1616.987172 779.000000 519.500000
86 PINHOLE 1558 1039 1614.217550 1617.159947 779.000000 519.500000
87 PINHOLE 1558 1039 1614.139756 1617.116750 779.000000 519.500000
88 PINHOLE 1558 1039 1615.774838 1619.254114 779.000000 519.500000
89 PINHOLE 1558 1039 1617.432953 1620.857468 779.000000 519.500000
90 PINHOLE 1558 1039 1617.632720 1621.618307 779.000000 519.500000
91 PINHOLE 1558 1039 1617.155443 1620.485763 779.000000 519.500000
92 PINHOLE 1558 1039 1617.472287 1620.714716 779.000000 519.500000
93 PINHOLE 1558 1039 1617.598929 1621.177287 779.000000 519.500000
94 PINHOLE 1558 1039 1617.790341 1621.688671 779.000000 519.500000
95 PINHOLE 1558 1039 1617.509156 1621.082194 779.000000 519.500000
96 PINHOLE 1558 1039 1618.012386 1621.690999 779.000000 519.500000
97 PINHOLE 1558 1039 1616.363652 1619.920611 779.000000 519.500000
98 PINHOLE 1558 1039 1617.880263 1621.444833 779.000000 519.500000
99 PINHOLE 1558 1039 1617.844491 1621.337240 779.000000 519.500000
100 PINHOLE 1558 1039 1618.105289 1621.634109 779.000000 519.500000
101 PINHOLE 1558 1039 1617.001127 1619.898364 779.000000 519.500000
102 PINHOLE 1558 1039 1617.087773 1619.787637 779.000000 519.500000
103 PINHOLE 1558 1039 1616.437063 1619.716261 779.000000 519.500000
104 PINHOLE 1558 1039 1616.455293 1619.381035 779.000000 519.500000
105 PINHOLE 1558 1039 1617.964149 1620.863285 779.000000 519.500000
106 PINHOLE 1558 1039 1618.001036 1621.128077 779.000000 519.500000
107 PINHOLE 1558 1039 1614.138895 1617.425795 779.000000 519.500000
108 PINHOLE 1558 1039 1614.164580 1617.355270 779.000000 519.500000
109 PINHOLE 1558 1039 1613.265756 1616.301034 779.000000 519.500000
110 PINHOLE 1558 1039 1614.049311 1617.097056 779.000000 519.500000
111 PINHOLE 1558 1039 1614.684813 1617.937685 779.000000 519.500000
112 PINHOLE 1558 1039 1614.462402 1617.519672 779.000000 519.500000
113 PINHOLE 1558 1039 1616.013424 1618.754401 779.000000 519.500000
114 PINHOLE 1558 1039 1615.046505 1617.169878 779.000000 519.500000
115 PINHOLE 1558 1039 1616.872219 1619.628293 779.000000 519.500000
116 PINHOLE 1558 1039 1615.999019 1618.530923 779.000000 519.500000
117 PINHOLE 1558 1039 1618.885007 1623.376064 779.000000 519.500000
118 PINHOLE 1558 1039 1622.179577 1626.676612 779.000000 519.500000
119 PINHOLE 1558 1039 1620.336458 1624.724568 779.000000 519.500000
120 PINHOLE 1558 1039 1619.395974 1623.270071 779.000000 519.500000
121 PINHOLE 1558 1039 1616.388286 1619.844410 779.000000 519.500000
122 PINHOLE 1558 1039 1615.560921 1619.005467 779.000000 519.500000
123 PINHOLE 1558 1039 1616.921759 1620.515002 779.000000 519.500000
124 PINHOLE 1558 1039 1617.367113 1620.863783 779.000000 519.500000
125 PINHOLE 1558 1039 1615.804750 1619.320476 779.000000 519.500000
126 PINHOLE 1558 1039 1616.008499 1619.074298 779.000000 519.500000
127 PINHOLE 1558 1039 1616.016010 1619.643562 779.000000 519.500000
128 PINHOLE 1558 1039 1615.381750 1617.719380 779.000000 519.500000
129 PINHOLE 1558 1039 1614.508872 1616.627992 779.000000 519.500000
130 PINHOLE 1558 1039 1613.672995 1615.486725 779.000000 519.500000
131 PINHOLE 1558 1039 1612.320024 1613.962908 779.000000 519.500000
132 PINHOLE 1558 1039 1612.660119 1614.286864 779.000000 519.500000
133 PINHOLE 1558 1039 1613.144452 1614.991760 779.000000 519.500000
134 PINHOLE 1558 1039 1612.510792 1614.577271 779.000000 519.500000
135 PINHOLE 1558 1039 1612.534839 1614.706500 779.000000 519.500000
136 PINHOLE 1558 1039 1614.298423 1616.631300 779.000000 519.500000
137 PINHOLE 1558 1039 1614.569482 1617.087788 779.000000 519.500000
138 PINHOLE 1558 1039 1614.540713 1617.273328 779.000000 519.500000
139 PINHOLE 1558 1039 1614.264008 1616.932235 779.000000 519.500000
140 PINHOLE 1558 1039 1614.150939 1617.022088 779.000000 519.500000
141 PINHOLE 1558 1039 1615.686090 1618.797512 779.000000 519.500000
142 PINHOLE 1558 1039 1616.887253 1620.215847 779.000000 519.500000
143 PINHOLE 1558 1039 1616.049501 1619.377551 779.000000 519.500000
144 PINHOLE 1558 1039 1615.704799 1619.397130 779.000000 519.500000
145 PINHOLE 1558 1039 1618.083574 1621.951378 779.000000 519.500000
146 PINHOLE 1558 1039 1618.271377 1622.674845 779.000000 519.500000
147 PINHOLE 1558 1039 1617.577842 1621.555433 779.000000 519.500000
148 PINHOLE 1558 1039 1616.098877 1619.955808 779.000000 519.500000
149 PINHOLE 1558 1039 1613.300873 1616.730553 779.000000 519.500000
150 PINHOLE 1558 1039 1612.174795 1615.460789 779.000000 519.500000
151 PINHOLE 1558 1039 1615.535570 1618.812269 779.000000 519.500000
152 PINHOLE 1558 1039 1613.432758 1616.470204 779.000000 519.500000
153 PINHOLE 1558 1039 1611.783004 1614.130480 779.000000 519.500000
154 PINHOLE 1558 1039 1612.307635 1614.683392 779.000000 519.500000
155 PINHOLE 1558 1039 1612.957981 1615.397852 779.000000 519.500000
156 PINHOLE 1558 1039 1612.950862 1615.622529 779.000000 519.500000
157 PINHOLE 1558 1039 1610.308092 1612.542951 779.000000 519.500000
158 PINHOLE 1558 1039 1621.052087 1626.372381 779.000000 519.500000
159 PINHOLE 1558 1039 1620.965590 1625.993364 779.000000 519.500000
160 PINHOLE 1558 1039 1622.535572 1627.777158 779.000000 519.500000
161 PINHOLE 1558 1039 1622.154924 1627.285051 779.000000 519.500000
162 PINHOLE 1558 1039 1619.596011 1624.524624 779.000000 519.500000
163 PINHOLE 1558 1039 1621.540518 1626.914852 779.000000 519.500000
164 PINHOLE 1558 1039 1622.246727 1627.457316 779.000000 519.500000
165 PINHOLE 1558 1039 1622.147243 1627.406923 779.000000 519.500000
166 PINHOLE 1558 1039 1621.690214 1627.193993 779.000000 519.500000
167 PINHOLE 1558 1039 1623.145135 1628.433106 779.000000 519.500000
168 PINHOLE 1558 1039 1623.494280 1628.940768 779.000000 519.500000
169 PINHOLE 1558 1039 1624.217266 1629.361971 779.000000 519.500000
170 PINHOLE 1558 1039 1622.271259 1627.711171 779.000000 519.500000
171 PINHOLE 1558 1039 1619.055300 1623.868028 779.000000 519.500000
172 PINHOLE 1558 1039 1617.619031 1621.661888 779.000000 519.500000
173 PINHOLE 1558 1039 1615.669597 1619.630119 779.000000 519.500000
174 PINHOLE 1558 1039 1615.632181 1619.730037 779.000000 519.500000
175 PINHOLE 1558 1039 1615.729417 1619.672608 779.000000 519.500000
176 PINHOLE 1558 1039 1614.320302 1617.908862 779.000000 519.500000
177 PINHOLE 1558 1039 1614.361848 1618.304850 779.000000 519.500000
178 PINHOLE 1558 1039 1614.805813 1619.139651 779.000000 519.500000
179 PINHOLE 1558 1039 1614.649401 1618.962014 779.000000 519.500000
180 PINHOLE 1558 1039 1616.047161 1620.567668 779.000000 519.500000
181 PINHOLE 1558 1039 1616.908819 1621.505370 779.000000 519.500000
182 PINHOLE 1558 1039 1619.568703 1624.720061 779.000000 519.500000
183 PINHOLE 1558 1039 1619.394492 1624.437684 779.000000 519.500000
184 PINHOLE 1558 1039 1619.034305 1623.722628 779.000000 519.500000
185 PINHOLE 1558 1039 1619.190914 1624.234802 779.000000 519.500000
186 PINHOLE 1558 1039 1620.675343 1625.806674 779.000000 519.500000
187 PINHOLE 1558 1039 1623.792917 1629.128784 779.000000 519.500000
188 PINHOLE 1558 1039 1618.378868 1623.841348 779.000000 519.500000
189 PINHOLE 1558 1039 1620.792991 1625.868510 779.000000 519.500000
190 PINHOLE 1558 1039 1618.071853 1623.343898 779.000000 519.500000
191 PINHOLE 1558 1039 1611.776016 1618.687418 779.000000 519.500000
192 PINHOLE 1558 1039 1618.073087 1621.705306 779.000000 519.500000
193 PINHOLE 1558 1039 1617.965382 1621.677525 779.000000 519.500000
194 PINHOLE 1558 1039 1619.240816 1623.118770 779.000000 519.500000
195 PINHOLE 1558 1039 1618.135889 1621.973842 779.000000 519.500000
196 PINHOLE 1558 1039 1618.090854 1621.849047 779.000000 519.500000
197 PINHOLE 1558 1039 1619.500497 1623.646436 779.000000 519.500000
198 PINHOLE 1558 1039 1618.759312 1622.867213 779.000000 519.500000
199 PINHOLE 1558 1039 1617.200683 1621.287355 779.000000 519.500000
200 PINHOLE 1558 1039 1617.303250 1621.403091 779.000000 519.500000
201 PINHOLE 1558 1039 1617.423089 1621.657563 779.000000 519.500000
202 PINHOLE 1558 1039 1617.527899 1621.885652 779.000000 519.500000
203 PINHOLE 1558 1039 1615.313830 1619.400448 779.000000 519.500000
204 PINHOLE 1558 1039 1615.549476 1619.101832 779.000000 519.500000
205 PINHOLE 1558 1039 1617.875576 1621.523665 779.000000 519.500000
206 PINHOLE 1558 1039 1615.558214 1619.086572 779.000000 519.500000
207 PINHOLE 1558 1039 1616.961319 1620.778528 779.000000 519.500000
208 PINHOLE 1558 1039 1615.677967 1618.758381 779.000000 519.500000
209 PINHOLE 1558 1039 1615.638827 1618.597895 779.000000 519.500000
210 PINHOLE 1558 1039 1615.731263 1618.538549 779.000000 519.500000
211 PINHOLE 1558 1039 1616.211798 1619.198871 779.000000 519.500000
212 PINHOLE 1558 1039 1616.710060 1619.877778 779.000000 519.500000
213 PINHOLE 1558 1039 1620.138869 1622.918685 779.000000 519.500000
214 PINHOLE 1558 1039 1615.752312 1618.274523 779.000000 519.500000
215 PINHOLE 1558 1039 1615.761790 1618.284963 779.000000 519.500000
216 PINHOLE 1558 1039 1615.256127 1617.616871 779.000000 519.500000
217 PINHOLE 1558 1039 1614.805198 1616.746600 779.000000 519.500000
218 PINHOLE 1558 1039 1614.380163 1617.034996 779.000000 519.500000
219 PINHOLE 1558 1039 1615.917515 1619.023047 779.000000 519.500000
220 PINHOLE 1558 1039 1616.213768 1619.593607 779.000000 519.500000
221 PINHOLE 1558 1039 1615.392947 1619.067995 779.000000 519.500000
222 PINHOLE 1558 1039 1616.766493 1620.364000 779.000000 519.500000
223 PINHOLE 1558 1039 1616.307982 1619.736677 779.000000 519.500000
224 PINHOLE 1558 1039 1615.787763 1619.277838 779.000000 519.500000
225 PINHOLE 1558 1039 1616.593756 1620.104416 779.000000 519.500000
226 PINHOLE 1558 1039 1616.349734 1620.233784 779.000000 519.500000
227 PINHOLE 1558 1039 1618.430211 1622.721309 779.000000 519.500000
228 PINHOLE 1558 1039 1618.741534 1622.854387 779.000000 519.500000
229 PINHOLE 1558 1039 1618.362824 1622.378961 779.000000 519.500000
230 PINHOLE 1558 1039 1619.575004 1624.076665 779.000000 519.500000
231 PINHOLE 1558 1039 1621.895666 1626.108540 779.000000 519.500000
232 PINHOLE 1558 1039 1624.101697 1628.495123 779.000000 519.500000
233 PINHOLE 1558 1039 1623.186431 1627.577537 779.000000 519.500000
234 PINHOLE 1558 1039 1625.245563 1629.150422 779.000000 519.500000
235 PINHOLE 1558 1039 1625.929029 1630.031168 779.000000 519.500000
236 PINHOLE 1558 1039 1626.436275 1629.889633 779.000000 519.500000
237 PINHOLE 1558 1039 1627.767681 1630.910089 779.000000 519.500000
238 PINHOLE 1558 1039 1625.812267 1628.682374 779.000000 519.500000
239 PINHOLE 1558 1039 1622.412267 1625.018055 779.000000 519.500000
240 PINHOLE 1558 1039 1618.878709 1621.654403 779.000000 519.500000
241 PINHOLE 1558 1039 1618.592649 1621.689669 779.000000 519.500000
242 PINHOLE 1558 1039 1618.303709 1621.547450 779.000000 519.500000
243 PINHOLE 1558 1039 1618.018555 1621.604335 779.000000 519.500000
244 PINHOLE 1558 1039 1616.564190 1620.106077 779.000000 519.500000
245 PINHOLE 1558 1039 1616.388409 1620.496230 779.000000 519.500000
246 PINHOLE 1558 1039 1614.195059 1618.889046 779.000000 519.500000
247 PINHOLE 1558 1039 1614.092935 1618.813928 779.000000 519.500000
248 PINHOLE 1558 1039 1614.471622 1618.948083 779.000000 519.500000
249 PINHOLE 1558 1039 1617.085061 1621.122424 779.000000 519.500000
250 PINHOLE 1558 1039 1617.254801 1621.472939 779.000000 519.500000
251 PINHOLE 1558 1039 1617.744088 1622.078350 779.000000 519.500000
252 PINHOLE 1558 1039 1618.191661 1622.306046 779.000000 519.500000
253 PINHOLE 1558 1039 1618.645238 1623.000646 779.000000 519.500000
254 PINHOLE 1558 1039 1619.055671 1623.291569 779.000000 519.500000
255 PINHOLE 1558 1039 1619.288497 1623.318066 779.000000 519.500000
256 PINHOLE 1558 1039 1619.679299 1623.627597 779.000000 519.500000
257 PINHOLE 1558 1039 1620.015365 1624.366103 779.000000 519.500000
258 PINHOLE 1558 1039 1619.550910 1624.109525 779.000000 519.500000
259 PINHOLE 1558 1039 1617.943670 1622.105810 779.000000 519.500000
260 PINHOLE 1558 1039 1615.797118 1619.956638 779.000000 519.500000
261 PINHOLE 1558 1039 1615.490406 1619.284971 779.000000 519.500000
262 PINHOLE 1558 1039 1615.095216 1618.933655 779.000000 519.500000
263 PINHOLE 1558 1039 1614.138650 1617.102517 779.000000 519.500000
264 PINHOLE 1558 1039 1616.032755 1619.667629 779.000000 519.500000
265 PINHOLE 1558 1039 1614.401429 1618.757552 779.000000 519.500000
266 PINHOLE 1558 1039 1616.334092 1621.373158 779.000000 519.500000
267 PINHOLE 1558 1039 1616.832786 1621.441673 779.000000 519.500000
268 PINHOLE 1558 1039 1617.126230 1621.569571 779.000000 519.500000
269 PINHOLE 1558 1039 1618.203014 1622.329851 779.000000 519.500000
270 PINHOLE 1558 1039 1618.187960 1622.221486 779.000000 519.500000
271 PINHOLE 1558 1039 1618.821787 1622.743959 779.000000 519.500000
272 PINHOLE 1558 1039 1619.605526 1623.513240 779.000000 519.500000
273 PINHOLE 1558 1039 1618.356159 1622.793259 779.000000 519.500000
274 PINHOLE 1558 1039 1616.994964 1620.574646 779.000000 519.500000
275 PINHOLE 1558 1039 1610.781849 1613.467965 779.000000 519.500000
276 PINHOLE 1558 1039 1601.012318 1606.531214 779.000000 519.500000
277 PINHOLE 1558 1039 1620.055543 1623.267571 779.000000 519.500000
278 PINHOLE 1558 1039 1611.901567 1614.117614 779.000000 519.500000
279 PINHOLE 1558 1039 1611.990836 1614.278450 779.000000 519.500000