1 -0.882393 0.135477 0.409689 0.187576 0.748135 -2.188472 3.320011 1 DSCF0656.JPG

2 0.890851 -0.133848 -0.393833 -0.182662 0.764407 -2.169004 3.313410 2 DSCF0657.JPG

3 -0.901884 0.129740 0.374345 0.172159 0.777349 -2.150319 3.289652 3 DSCF0658.JPG

4 -0.911802 0.125925 0.354127 0.165394 0.783240 -2.185033 3.247396 4 DSCF0659.JPG

5 -0.922637 0.126664 0.329326 0.155698 0.804023 -2.153334 3.214049 5 DSCF0660.JPG

6 -0.929886 0.119804 0.314119 0.149295 0.730990 -2.178404 3.144056 6 DSCF0661.JPG

7 -0.937233 0.122534 0.295882 0.137962 0.700473 -2.134376 3.142183 7 DSCF0662.JPG

8 -0.946517 0.120992 0.269018 0.130747 0.712708 -2.154406 3.104272 8 DSCF0663.JPG

9 -0.952536 0.122060 0.250610 0.122353 0.641970 -2.138522 3.060187 9 DSCF0664.JPG

10 -0.958872 0.117164 0.230729 0.116626 0.612537 -2.190034 3.017479 10 DSCF0665.JPG

11 0.964080 -0.117925 -0.211760 -0.108633 0.565398 -2.163715 3.004098 11 DSCF0666.JPG

12 0.970930 -0.114418 -0.183453 -0.102705 0.533554 -2.192458 2.951179 12 DSCF0667.JPG

13 -0.974639 0.117321 0.162993 0.098729 0.457031 -2.189839 2.926399 13 DSCF0668.JPG

14 -0.979787 0.115537 0.136977 0.088913 0.454692 -2.213509 2.884815 14 DSCF0669.JPG

15 -0.983811 0.116307 0.112561 0.076937 0.441503 -2.231267 2.839953 15 DSCF0670.JPG

16 0.986565 -0.114646 -0.091600 -0.071800 0.368977 -2.239437 2.809846 16 DSCF0671.JPG

17 0.988655 -0.114109 -0.076063 -0.061271 0.312230 -2.195148 2.831682 17 DSCF0672.JPG

18 -0.991132 0.110356 0.053176 0.051489 0.269383 -2.169572 2.867241 18 DSCF0673.JPG

19 0.993757 -0.096045 -0.038529 -0.041689 0.196254 -2.216247 2.865499 19 DSCF0674.JPG

20 -0.995534 0.085942 0.022300 0.032074 0.189198 -2.187332 2.912179 20 DSCF0675.JPG

21 -0.996194 0.081430 0.012134 0.028608 0.194194 -2.078602 2.979188 21 DSCF0676.JPG

22 0.997325 -0.062760 -0.017368 -0.033201 0.171663 -2.083705 2.976840 22 DSCF0677.JPG

23 0.996687 -0.054301 -0.037403 -0.047628 0.104022 -1.992676 3.035252 23 DSCF0678.JPG

24 0.996212 -0.044733 -0.052208 -0.053237 0.147265 -1.913107 3.071088 24 DSCF0679.JPG

25 -0.993450 0.034995 0.082504 0.070885 0.072364 -1.884556 3.072070 25 DSCF0680.JPG

26 0.990754 -0.031045 -0.104274 -0.081049 0.137395 -1.837449 3.081196 26 DSCF0681.JPG

27 0.986671 -0.026336 -0.127883 -0.097124 0.166625 -1.817927 3.077316 27 DSCF0682.JPG

28 0.980646 -0.024325 -0.154324 -0.118004 0.239975 -1.814261 3.079136 28 DSCF0683.JPG

29 0.973464 -0.017373 -0.183838 -0.135162 0.222785 -1.878503 3.079064 29 DSCF0684.JPG

30 -0.967319 0.023690 0.206206 0.145642 0.273984 -1.901730 3.174495 30 DSCF0685.JPG

31 -0.960541 0.028896 0.228491 0.155939 0.352261 -1.945289 3.244431 31 DSCF0686.JPG

32 0.951618 -0.032861 -0.256526 -0.165945 0.389536 -2.007735 3.277001 32 DSCF0687.JPG

33 0.941512 -0.039580 -0.282953 -0.178679 0.391077 -2.050243 3.275901 33 DSCF0688.JPG

34 0.933222 -0.039155 -0.299417 -0.194715 0.445293 -2.138061 3.265832 34 DSCF0689.JPG

35 0.919948 -0.042315 -0.325929 -0.213718 0.428712 -2.150628 3.290305 35 DSCF0690.JPG

36 0.902917 -0.050064 -0.355212 -0.236769 0.397014 -2.139111 3.306846 36 DSCF0691.JPG

37 -0.887228 0.050645 0.382674 0.252630 0.397009 -2.214320 3.284937 37 DSCF0692.JPG

38 -0.870201 0.055194 0.410498 0.266823 0.394030 -2.279823 3.358343 38 DSCF0693.JPG

39 0.856999 -0.065621 -0.431872 -0.273375 0.474856 -2.244605 3.442732 39 DSCF0694.JPG

40 -0.848453 0.060318 0.443286 0.282819 0.535012 -2.255054 3.498302 40 DSCF0695.JPG

41 0.846566 -0.051856 -0.445203 -0.287108 0.669335 -2.150672 3.550809 41 DSCF0696.JPG

42 0.845812 -0.030076 -0.439181 -0.301360 0.717037 -2.126185 3.544855 42 DSCF0697.JPG

43 -0.851554 0.005480 0.425805 0.305804 0.783324 -2.101529 3.536495 43 DSCF0698.JPG

44 0.860391 0.018120 -0.410765 -0.301117 0.819283 -2.026532 3.534903 44 DSCF0699.JPG

45 -0.873728 -0.033556 0.386163 0.293857 0.868888 -1.914269 3.512052 45 DSCF0700.JPG

46 0.888076 0.052117 -0.358445 -0.283057 0.881936 -1.833320 3.423947 46 DSCF0701.JPG

47 0.904922 0.071637 -0.324322 -0.266081 0.814966 -1.788875 3.247348 47 DSCF0702.JPG

48 0.915399 0.077127 -0.298218 -0.259158 0.733776 -1.715994 3.189181 48 DSCF0703.JPG

49 0.927481 0.092094 -0.269366 -0.242364 0.670267 -1.736870 3.123054 49 DSCF0704.JPG

50 -0.938172 -0.092775 0.249583 0.221212 0.542322 -1.683561 3.051557 50 DSCF0705.JPG

51 -0.946608 -0.099605 0.231516 0.201032 0.413709 -1.688563 2.956956 51 DSCF0706.JPG

52 -0.958783 -0.100678 0.200831 0.173973 0.439476 -1.663834 2.850760 52 DSCF0707.JPG

53 0.969930 0.095369 -0.170274 -0.145423 0.443774 -1.640456 2.770435 53 DSCF0708.JPG

54 -0.979779 -0.082033 0.141717 0.114980 0.440096 -1.595371 2.745312 54 DSCF0709.JPG

55 -0.986341 -0.078724 0.109023 0.095123 0.426460 -1.665585 2.674005 55 DSCF0710.JPG

56 0.991719 0.070523 -0.079430 -0.072181 0.427146 -1.696004 2.662747 56 DSCF0711.JPG

57 0.995743 0.058897 -0.048234 -0.051959 0.449384 -1.750711 2.705326 57 DSCF0712.JPG

58 -0.998318 -0.040259 0.028092 0.030827 0.444432 -1.786937 2.746789 58 DSCF0713.JPG

59 0.999649 0.024371 -0.009084 -0.005146 0.490019 -1.828544 2.755719 59 DSCF0714.JPG

60 -0.999872 -0.006040 -0.006780 -0.013155 0.476971 -1.864952 2.781085 60 DSCF0715.JPG

61 0.999373 -0.019066 0.019097 0.022920 0.466843 -1.883827 2.867954 61 DSCF0716.JPG

62 0.998681 -0.034223 0.032689 0.019930 0.448064 -2.005989 2.938047 62 DSCF0717.JPG

63 0.996796 -0.066226 0.035368 0.027591 0.413909 -2.011924 3.123682 63 DSCF0718.JPG

64 0.995188 -0.086206 0.041421 0.021296 0.401741 -2.088301 3.180231 64 DSCF0719.JPG

65 -0.990960 0.128564 -0.036064 -0.012968 0.375019 -2.050285 3.332474 65 DSCF0720.JPG

66 -0.988026 0.150937 -0.030197 -0.010496 0.289291 -2.080670 3.474903 66 DSCF0721.JPG

67 0.985816 -0.163567 0.037148 0.005673 0.270038 -2.065771 3.615079 67 DSCF0722.JPG

68 0.923240 -0.101230 0.328276 0.172091 0.599594 -2.218328 2.784903 68 DSCF0723.JPG

69 -0.917068 0.097773 -0.341793 -0.180568 0.604966 -2.195491 2.760074 69 DSCF0724.JPG

70 0.909073 -0.094421 0.356714 0.193459 0.611127 -2.175444 2.751180 70 DSCF0725.JPG

71 0.903395 -0.089939 0.367459 0.201894 0.558894 -2.138779 2.766829 71 DSCF0726.JPG

72 -0.896609 0.096370 -0.377599 -0.210296 0.469048 -2.030826 2.841902 72 DSCF0727.JPG

73 0.889353 -0.099301 0.387417 0.221580 0.360631 -2.053547 2.857551 73 DSCF0728.JPG

74 0.877357 -0.102747 0.406528 0.233285 0.297407 -2.045539 2.861194 74 DSCF0729.JPG

75 -0.872994 0.105509 -0.412389 -0.238084 0.124401 -2.020124 2.897185 75 DSCF0730.JPG

76 0.863431 -0.107824 0.428924 0.242662 0.084520 -1.956782 2.944143 76 DSCF0731.JPG

77 -0.858887 0.106343 -0.432630 -0.252659 -0.031372 -1.879125 2.997025 77 DSCF0732.JPG

78 0.853487 -0.088920 0.442106 0.261141 -0.064914 -1.857044 2.949196 78 DSCF0733.JPG

79 -0.851646 0.072014 -0.440966 -0.273975 -0.132819 -1.789524 2.945123 79 DSCF0734.JPG

80 0.852571 -0.059196 0.434765 0.283898 -0.191787 -1.675934 2.990080 80 DSCF0735.JPG

81 -0.851025 0.046247 -0.429935 -0.297950 -0.128856 -1.640474 2.985014 81 DSCF0736.JPG

82 -0.858423 0.019494 -0.413231 -0.303267 -0.087149 -1.669298 2.950776 82 DSCF0737.JPG

83 0.865402 -0.012199 0.401796 0.299151 0.023940 -1.615166 2.973132 83 DSCF0738.JPG

84 -0.874633 0.005677 -0.387947 -0.290657 0.132605 -1.644226 2.867688 84 DSCF0739.JPG

85 -0.885918 -0.006833 -0.364186 -0.287179 0.262817 -1.704389 2.735833 85 DSCF0740.JPG

86 0.899310 0.001401 0.341008 0.273776 0.361786 -1.666631 2.792994 86 DSCF0741.JPG

87 -0.914024 0.006500 -0.312913 -0.258076 0.452112 -1.711761 2.808130 87 DSCF0742.JPG

88 0.929289 -0.008742 0.287981 0.231112 0.482866 -1.820702 2.807282 88 DSCF0743.JPG

89 -0.940225 0.016773 -0.265224 -0.212962 0.473402 -1.869882 2.856979 89 DSCF0744.JPG

90 0.950256 -0.024490 0.246987 0.188179 0.461726 -1.935768 2.877992 90 DSCF0745.JPG

91 -0.957762 0.025193 -0.238114 -0.159247 0.447294 -2.024763 2.846260 91 DSCF0746.JPG

92 -0.963579 0.008910 -0.226532 -0.141841 0.347999 -1.988925 2.825262 92 DSCF0747.JPG

93 0.956217 0.012985 0.243667 0.161577 0.516897 -1.869281 2.689555 93 DSCF0748.JPG

94 0.947915 0.023372 0.258767 0.184256 0.547694 -1.689314 2.604144 94 DSCF0749.JPG

95 -0.937186 -0.042669 -0.276512 -0.208334 0.510511 -1.659103 2.525444 95 DSCF0750.JPG

96 -0.919358 -0.042307 -0.314081 -0.233120 0.516174 -1.500167 2.513551 96 DSCF0751.JPG

97 -0.895379 -0.037817 -0.355446 -0.265563 0.593650 -1.441459 2.508410 97 DSCF0752.JPG

98 -0.883110 -0.023658 -0.378437 -0.276301 0.480708 -1.450331 2.511758 98 DSCF0753.JPG

99 -0.868438 -0.009507 -0.409363 -0.279547 0.380272 -1.472500 2.535274 99 DSCF0754.JPG

100 0.855156 -0.018787 0.430155 0.288655 0.216808 -1.481885 2.584214 100 DSCF0755.JPG

101 -0.843772 0.030256 -0.453686 -0.285136 0.096692 -1.651034 2.606780 101 DSCF0756.JPG

102 -0.835078 0.058271 -0.469638 -0.280516 0.043900 -1.676560 2.696570 102 DSCF0757.JPG

103 0.829555 -0.096092 0.481409 0.266176 -0.012976 -1.678320 2.817940 103 DSCF0758.JPG

104 -0.815022 0.094205 -0.506356 -0.265459 0.059922 -1.908536 2.781770 104 DSCF0759.JPG

105 -0.809246 0.105184 -0.512189 -0.267804 0.060671 -2.016275 2.768056 105 DSCF0760.JPG

106 -0.800125 0.139173 -0.521041 -0.262577 0.171761 -1.896898 2.882715 106 DSCF0761.JPG

107 0.969136 0.117024 0.177208 0.125209 0.512029 -1.622283 3.144540 107 DSCF0762.JPG

108 -0.963506 -0.118617 -0.190292 -0.146199 0.442939 -1.596933 3.101133 108 DSCF0763.JPG

109 -0.950715 -0.117689 -0.224487 -0.178592 0.469187 -1.530665 3.043288 109 DSCF0764.JPG

110 0.936095 0.118396 0.255059 0.211315 0.489614 -1.485425 2.987046 110 DSCF0765.JPG

111 0.924156 0.114590 0.275191 0.238903 0.425264 -1.430772 2.941625 111 DSCF0766.JPG

112 0.912580 0.109272 0.295798 0.260309 0.312448 -1.368072 2.873309 112 DSCF0767.JPG

113 -0.900275 -0.102967 -0.314167 -0.283199 0.195841 -1.317089 2.786317 113 DSCF0768.JPG

114 -0.885839 -0.097948 -0.338284 -0.302091 0.141073 -1.292433 2.705997 114 DSCF0769.JPG

115 -0.871989 -0.084133 -0.361451 -0.319233 0.089537 -1.206409 2.685708 115 DSCF0770.JPG

116 0.860482 0.078919 0.375967 0.334652 0.060908 -1.219661 2.642867 116 DSCF0771.JPG

117 0.562199 -0.128027 -0.713261 -0.398498 0.388741 -2.323642 3.795734 117 DSCF0772.JPG

118 0.571230 -0.125034 -0.706828 -0.398067 0.324533 -2.329937 3.755989 118 DSCF0773.JPG

119 -0.595050 0.127711 0.688017 0.395269 0.338057 -2.326038 3.739461 119 DSCF0774.JPG

120 0.609493 -0.130365 -0.676213 -0.392758 0.182894 -2.293522 3.744654 120 DSCF0775.JPG

121 -0.630773 0.131447 0.657521 0.390530 0.210696 -2.296207 3.750028 121 DSCF0776.JPG

122 -0.656092 0.124965 0.636958 0.384981 0.270299 -2.336012 3.683103 122 DSCF0777.JPG

123 -0.674618 0.121180 0.618846 0.383714 0.258584 -2.353202 3.625886 123 DSCF0778.JPG

124 0.693833 -0.110101 -0.605255 -0.374354 0.309430 -2.354865 3.623014 124 DSCF0779.JPG

125 -0.706102 0.098082 0.593459 0.373640 0.253166 -2.340848 3.582114 125 DSCF0780.JPG

126 0.721105 -0.081879 -0.575162 -0.377481 0.191747 -2.395453 3.477492 126 DSCF0781.JPG

127 0.736230 -0.076932 -0.559178 -0.373319 0.149027 -2.307317 3.458157 127 DSCF0782.JPG

128 0.749758 -0.062057 -0.544852 -0.370335 0.114164 -2.333099 3.419944 128 DSCF0783.JPG

129 -0.755649 0.053865 0.535638 0.373076 0.016726 -2.263953 3.417226 129 DSCF0784.JPG

130 0.756787 -0.049096 -0.528649 -0.381305 -0.096320 -2.191797 3.411342 130 DSCF0785.JPG

131 0.758755 -0.032664 -0.524949 -0.384256 -0.074998 -2.140277 3.393359 131 DSCF0786.JPG

132 0.752831 -0.017285 -0.529387 -0.390765 -0.097896 -2.105200 3.387707 132 DSCF0787.JPG

133 -0.742884 0.011716 0.539983 0.395480 -0.066383 -2.059655 3.395958 133 DSCF0788.JPG

134 0.731483 -0.004538 -0.553201 -0.398600 -0.001246 -2.030273 3.374997 134 DSCF0789.JPG

135 0.717149 0.004117 -0.564148 -0.409167 0.017491 -2.029064 3.326629 135 DSCF0790.JPG

136 0.705769 0.007333 -0.573654 -0.415641 0.114012 -2.012415 3.313856 136 DSCF0791.JPG

137 -0.692366 -0.010870 0.583925 0.423725 0.170054 -2.069520 3.298903 137 DSCF0792.JPG

138 -0.677589 -0.014734 0.595603 0.431176 0.259285 -2.122092 3.299422 138 DSCF0793.JPG

139 -0.655472 -0.018274 0.612876 0.440914 0.292399 -2.134558 3.298294 139 DSCF0794.JPG

140 -0.634972 -0.016488 0.628022 0.449586 0.313522 -2.176148 3.345034 140 DSCF0795.JPG

141 -0.613936 -0.017870 0.646254 0.452900 0.400186 -2.242504 3.383522 141 DSCF0796.JPG

142 -0.595367 -0.022871 0.659522 0.458307 0.440847 -2.316165 3.430809 142 DSCF0797.JPG

143 0.582376 0.024232 -0.670727 -0.458668 0.532560 -2.287068 3.523296 143 DSCF0798.JPG

144 -0.574158 -0.027306 0.678588 0.457291 0.604847 -2.244880 3.662509 144 DSCF0799.JPG

145 -0.571557 -0.034953 0.681650 0.455471 0.679188 -2.227392 3.781600 145 DSCF0800.JPG

146 -0.577159 -0.038959 0.670581 0.464425 0.718436 -2.268655 3.777197 146 DSCF0801.JPG

147 -0.587280 -0.030016 0.662574 0.463894 0.746216 -2.080858 3.874249 147 DSCF0802.JPG

148 0.602929 0.027819 -0.640513 -0.474812 0.789370 -2.065330 3.832896 148 DSCF0803.JPG

149 -0.619402 -0.030478 0.625419 0.473565 0.800024 -2.000233 3.791723 149 DSCF0804.JPG

150 0.632027 0.030867 -0.618473 -0.465919 0.700594 -1.907127 3.754134 150 DSCF0805.JPG

151 0.649797 0.037133 -0.598223 -0.467455 0.666590 -1.936745 3.687612 151 DSCF0806.JPG

152 -0.661149 -0.039440 0.582251 0.471498 0.561550 -1.954276 3.643236 152 DSCF0807.JPG

153 0.672623 0.034559 -0.573048 -0.466904 0.442120 -1.909949 3.661633 153 DSCF0808.JPG

154 0.684117 0.037288 -0.565230 -0.459466 0.324409 -1.908144 3.686944 154 DSCF0809.JPG

155 0.708400 0.034645 -0.539180 -0.454152 0.359835 -1.977033 3.629283 155 DSCF0810.JPG

156 -0.727242 -0.036340 0.524836 0.440847 0.370106 -1.975361 3.589579 156 DSCF0811.JPG

157 0.737225 0.041711 -0.520030 -0.429334 0.331139 -1.963214 3.546332 157 DSCF0812.JPG

158 -0.011645 0.002879 0.861591 0.507461 -0.086943 -2.355958 3.236706 158 DSCF0813.JPG

159 -0.015294 0.006367 0.860188 0.509707 -0.263794 -2.350441 3.206603 159 DSCF0814.JPG

160 -0.045089 0.014759 0.862591 0.503672 -0.314359 -2.264062 3.256212 160 DSCF0815.JPG

161 -0.089106 0.024931 0.857959 0.505316 -0.217626 -2.273193 3.258190 161 DSCF0816.JPG

162 0.110590 -0.032245 -0.854051 -0.507275 -0.290635 -2.302282 3.228283 162 DSCF0817.JPG

163 0.147469 -0.045078 -0.849995 -0.503716 -0.194457 -2.285264 3.251146 163 DSCF0818.JPG

164 -0.166571 0.044315 0.847186 0.502559 -0.263372 -2.282487 3.231789 164 DSCF0819.JPG

165 -0.196839 0.045937 0.843021 0.498456 -0.230351 -2.272385 3.207752 165 DSCF0820.JPG

166 -0.240064 0.053213 0.834560 0.492998 -0.107936 -2.291396 3.175343 166 DSCF0821.JPG

167 -0.272056 0.054651 0.829397 0.484871 -0.103973 -2.338194 3.131970 167 DSCF0822.JPG

168 -0.307293 0.055127 0.822199 0.475942 0.041965 -2.312608 3.193990 168 DSCF0823.JPG

169 -0.324644 0.047565 0.812565 0.481749 0.078131 -2.277818 3.295616 169 DSCF0824.JPG

170 -0.328247 0.045448 0.808676 0.486037 0.028479 -2.172024 3.412358 170 DSCF0825.JPG

171 0.324264 -0.032083 -0.804238 -0.497016 -0.056251 -2.153184 3.490452 171 DSCF0826.JPG

172 0.306932 -0.024478 -0.801260 -0.513007 -0.202777 -2.101125 3.535667 172 DSCF0827.JPG

173 -0.289661 0.014618 0.794667 0.533279 -0.198354 -2.084139 3.567519 173 DSCF0828.JPG

174 -0.267079 0.005861 0.793680 0.546540 -0.235372 -2.049946 3.586080 174 DSCF0829.JPG

175 0.227759 0.000599 -0.792355 -0.565950 -0.374493 -2.053871 3.524796 175 DSCF0830.JPG

176 0.191354 0.006433 -0.796893 -0.572978 -0.413086 -1.997126 3.537881 176 DSCF0831.JPG

177 -0.172891 -0.006136 0.796670 0.579126 -0.286493 -2.000940 3.532811 177 DSCF0832.JPG

178 0.140684 0.003550 -0.802196 -0.580238 -0.264945 -1.967419 3.534341 178 DSCF0833.JPG

179 -0.113503 0.002111 0.807843 0.578362 -0.183232 -1.986697 3.506415 179 DSCF0834.JPG

180 -0.070873 0.006762 0.822182 0.564755 -0.250947 -1.928917 3.562531 180 DSCF0835.JPG

181 0.034280 -0.003047 -0.830087 -0.556570 -0.187334 -2.034342 3.515744 181 DSCF0836.JPG

182 -0.007411 0.000978 -0.849186 -0.528040 -0.367685 -1.858127 3.568217 182 DSCF0837.JPG

183 -0.019765 0.006292 -0.856637 -0.515503 -0.333177 -1.872216 3.582940 183 DSCF0838.JPG

184 -0.031008 0.011055 -0.859451 -0.510158 -0.232289 -2.035317 3.567022 184 DSCF0839.JPG

185 -0.055465 0.010419 -0.870657 -0.488642 -0.283695 -2.050859 3.601429 185 DSCF0840.JPG

186 -0.063677 0.015714 -0.887447 -0.456220 -0.196076 -1.967225 3.697430 186 DSCF0841.JPG

187 -0.068941 0.018154 -0.902111 -0.425574 -0.115136 -1.897825 3.810147 187 DSCF0842.JPG

188 -0.081421 0.022091 -0.905228 -0.416466 -0.131072 -1.986389 3.801227 188 DSCF0843.JPG

189 -0.107132 0.030922 -0.909636 -0.400161 -0.249194 -1.936227 3.831921 189 DSCF0844.JPG

190 0.114265 -0.036313 0.912259 0.391675 -0.153681 -1.924032 3.785426 190 DSCF0845.JPG

191 -0.128528 0.043949 -0.913310 -0.383945 -0.101798 -1.946601 3.700012 191 DSCF0846.JPG

192 -0.366763 0.031497 -0.764419 -0.529298 -0.358712 -1.972022 2.829743 192 DSCF0847.JPG

193 -0.377392 0.030847 -0.756660 -0.533000 -0.356446 -1.999783 2.771719 193 DSCF0848.JPG

194 0.387134 -0.026330 0.751876 0.533026 -0.281985 -2.005787 2.778712 194 DSCF0849.JPG

195 -0.402583 0.027770 -0.742039 -0.535289 -0.274020 -2.049243 2.737947 195 DSCF0850.JPG

196 0.424969 -0.029387 0.733361 0.529830 -0.314707 -2.081129 2.696572 196 DSCF0851.JPG

197 0.442727 -0.032043 0.728384 0.521941 -0.272777 -2.141684 2.660636 197 DSCF0852.JPG

198 0.458268 -0.023941 0.728812 0.508184 -0.223764 -2.140127 2.700051 198 DSCF0853.JPG

199 -0.467884 0.020819 -0.724863 -0.505198 -0.183453 -2.090365 2.703163 199 DSCF0854.JPG

200 -0.481175 0.009794 -0.714534 -0.507756 -0.166157 -1.982247 2.705493 200 DSCF0855.JPG

201 -0.483236 0.003759 -0.700275 -0.525438 -0.072194 -1.944447 2.678521 201 DSCF0856.JPG

202 -0.482456 -0.007084 -0.691035 -0.538197 -0.003393 -1.818389 2.687771 202 DSCF0857.JPG

203 0.480804 0.012944 0.680213 0.553146 -0.038848 -1.738661 2.700840 203 DSCF0858.JPG

204 0.479874 0.014941 0.679065 0.555309 -0.177840 -1.598651 2.719944 204 DSCF0859.JPG

205 -0.467003 -0.026371 -0.682516 -0.561591 -0.229786 -1.542590 2.767273 205 DSCF0860.JPG

206 -0.452691 -0.037562 -0.687506 -0.566565 -0.331245 -1.515942 2.799117 206 DSCF0861.JPG

207 -0.428816 -0.052081 -0.696209 -0.573322 -0.354118 -1.518293 2.839936 207 DSCF0862.JPG

208 0.414097 0.052704 0.705522 0.572700 -0.456359 -1.435296 2.905832 208 DSCF0863.JPG

209 -0.400795 -0.057582 -0.710549 -0.575472 -0.538247 -1.443664 2.952493 209 DSCF0864.JPG

210 -0.370520 -0.049008 -0.716939 -0.588482 -0.560355 -1.502154 2.998589 210 DSCF0865.JPG

211 0.339074 0.037649 0.727640 0.595106 -0.566429 -1.530862 3.020980 211 DSCF0866.JPG

212 0.295811 0.026985 0.736644 0.607556 -0.529858 -1.596199 3.046859 212 DSCF0867.JPG

213 0.278283 0.030925 0.729049 0.624572 -0.661390 -1.702626 3.005404 213 DSCF0868.JPG

214 -0.271550 -0.038618 -0.725339 -0.631389 -0.725217 -1.582210 3.143196 214 DSCF0869.JPG

215 -0.280852 -0.053413 -0.704844 -0.649203 -0.758208 -1.594571 3.204440 215 DSCF0870.JPG

216 0.297829 0.051784 0.699783 0.647241 -0.781291 -1.446225 3.230394 216 DSCF0871.JPG

217 0.305862 0.060867 0.692988 0.650009 -0.614542 -1.449893 3.141513 217 DSCF0872.JPG

218 0.314645 0.065334 0.688065 0.650612 -0.383856 -1.520147 2.984804 218 DSCF0873.JPG

219 -0.342219 -0.068371 -0.693934 -0.629815 -0.276945 -1.504884 2.841885 219 DSCF0874.JPG

220 0.375964 0.067944 0.695970 0.607997 -0.282098 -1.555883 2.693110 220 DSCF0875.JPG

221 0.398341 0.059966 0.694649 0.595979 -0.236527 -1.737125 2.567739 221 DSCF0876.JPG

222 0.441376 0.055885 0.700612 0.557859 -0.352404 -1.717292 2.518938 222 DSCF0877.JPG

223 -0.475957 -0.052873 -0.699562 -0.530361 -0.397563 -1.818469 2.457319 223 DSCF0878.JPG

224 0.504757 0.051158 0.695365 0.508990 -0.424802 -1.913913 2.424414 224 DSCF0879.JPG

225 0.525593 0.046958 0.690067 0.495333 -0.391545 -1.999844 2.365144 225 DSCF0880.JPG

226 0.537613 0.038364 0.694869 0.476086 -0.291700 -1.987965 2.362739 226 DSCF0881.JPG

227 -0.552858 -0.027275 -0.693929 -0.460507 -0.243608 -1.967070 2.326513 227 DSCF0882.JPG

228 -0.574958 -0.023941 -0.693661 -0.433225 -0.257073 -1.893246 2.334424 228 DSCF0883.JPG

229 0.582861 0.015973 0.696480 0.418251 -0.231342 -1.793148 2.300554 229 DSCF0884.JPG

230 -0.574856 -0.031447 -0.696855 -0.427721 -0.258328 -1.696286 2.099042 230 DSCF0885.JPG

231 0.564864 0.031563 0.694906 0.443891 -0.329453 -1.652287 1.898191 231 DSCF0886.JPG

232 0.543360 0.035460 0.701176 0.460276 -0.339353 -1.594539 1.834505 232 DSCF0887.JPG

233 -0.505702 -0.041623 -0.706626 -0.493167 -0.277579 -1.635225 1.815969 233 DSCF0888.JPG

234 -0.478893 -0.040373 -0.705282 -0.521160 -0.397821 -1.608993 1.767888 234 DSCF0889.JPG

235 0.451211 0.026202 0.716040 0.531986 -0.473696 -1.541675 1.858575 235 DSCF0890.JPG

236 0.427361 0.014790 0.722642 0.543078 -0.587633 -1.528870 1.922086 236 DSCF0891.JPG

237 -0.386326 -0.006195 -0.744465 -0.544505 -0.652959 -1.460886 2.030200 237 DSCF0892.JPG

238 -0.364765 -0.013809 -0.751838 -0.549087 -0.784300 -1.510731 2.185032 238 DSCF0893.JPG

239 0.353697 0.020214 0.756085 0.550295 -0.967133 -1.475435 2.387564 239 DSCF0894.JPG

240 0.312510 0.017403 0.766349 0.561021 -0.965409 -1.530826 2.660062 240 DSCF0895.JPG

241 0.254743 0.012074 0.774740 0.578565 -0.793129 -1.723545 2.921385 241 DSCF0896.JPG

242 -0.208759 -0.010677 -0.782415 -0.586628 -0.726134 -1.809518 3.114939 242 DSCF0897.JPG

243 -0.156971 -0.009918 -0.792723 -0.588941 -0.628691 -1.844631 3.299895 243 DSCF0898.JPG

244 0.113126 0.007256 0.802109 0.586320 -0.608501 -1.925721 3.482201 244 DSCF0899.JPG

245 0.060021 0.009683 0.814854 0.576470 -0.440825 -1.948482 3.712178 245 DSCF0900.JPG

246 -0.002327 -0.009311 -0.813157 -0.581966 -0.220303 -2.110826 3.799769 246 DSCF0901.JPG

247 -0.053802 0.006861 0.814950 0.576988 0.001945 -2.106587 3.956086 247 DSCF0902.JPG

248 -0.082450 -0.004085 0.812007 0.577779 -0.011600 -2.199480 4.009928 248 DSCF0903.JPG

249 0.594230 -0.166084 0.692477 0.373876 0.098417 -1.911244 2.751818 249 DSCF0904.JPG

250 -0.599034 0.162242 -0.691902 -0.368928 0.157434 -1.897522 2.774279 250 DSCF0905.JPG

251 -0.611120 0.154369 -0.684828 -0.365668 0.235304 -1.941323 2.738365 251 DSCF0906.JPG

252 -0.634005 0.160544 -0.667710 -0.355566 0.208936 -1.928235 2.757634 252 DSCF0907.JPG

253 -0.642497 0.156507 -0.662388 -0.352059 0.327890 -1.941540 2.749376 253 DSCF0908.JPG

254 -0.657363 0.155667 -0.647521 -0.352645 0.357444 -1.941264 2.779835 254 DSCF0909.JPG

255 -0.675258 0.142806 -0.623254 -0.367678 0.317789 -1.960425 2.750285 255 DSCF0910.JPG

256 0.684584 -0.131380 0.606782 0.381967 0.327355 -1.862512 2.713301 256 DSCF0911.JPG

257 0.664017 -0.120544 0.619404 0.401110 0.470707 -1.725087 2.699713 257 DSCF0912.JPG

258 0.649848 -0.113265 0.625537 0.416621 0.451428 -1.687802 2.688299 258 DSCF0913.JPG

259 0.633559 -0.114084 0.634003 0.428518 0.398676 -1.645683 2.711126 259 DSCF0914.JPG

260 -0.613389 0.119364 -0.642810 -0.443059 0.322142 -1.560471 2.751485 260 DSCF0915.JPG

261 0.606141 -0.119506 0.643131 0.452431 0.155999 -1.664135 2.779832 261 DSCF0916.JPG

262 -0.582244 0.129889 -0.665329 -0.448841 0.177781 -1.720103 2.825386 262 DSCF0917.JPG

263 -0.566617 0.146358 -0.679492 -0.442509 0.201701 -1.829331 2.838526 263 DSCF0918.JPG

264 0.556387 -0.170274 0.683676 0.440485 0.251761 -1.934444 2.909913 264 DSCF0919.JPG

265 -0.568346 0.185518 -0.685354 -0.415759 0.242340 -2.007280 2.991670 265 DSCF0920.JPG

266 0.588490 -0.180155 0.676186 0.404965 0.328820 -2.094979 2.938585 266 DSCF0921.JPG

267 0.603816 -0.158739 0.667856 0.405186 0.453771 -2.125311 2.816703 267 DSCF0922.JPG

268 0.624344 -0.152348 0.647165 0.410076 0.516931 -2.053807 2.750253 268 DSCF0923.JPG

269 -0.661689 0.158113 -0.613147 -0.401521 0.412863 -1.935862 2.745188 269 DSCF0924.JPG

270 -0.689081 0.147446 -0.589968 -0.394164 0.431537 -1.931197 2.694924 270 DSCF0925.JPG

271 0.706934 -0.125069 0.571528 0.397440 0.517099 -1.859644 2.627598 271 DSCF0926.JPG

272 -0.703423 0.101641 -0.563817 -0.420685 0.616237 -1.743115 2.654548 272 DSCF0927.JPG

273 -0.699367 0.089845 -0.560476 -0.434374 0.589148 -1.471716 2.774542 273 DSCF0928.JPG

274 0.684092 -0.093703 0.565260 0.451354 0.541225 -1.142327 2.922887 274 DSCF0929.JPG

275 0.661984 -0.090924 0.580888 0.464843 0.458586 -0.952635 3.007125 275 DSCF0930.JPG

276 0.651335 -0.068011 0.575545 0.489781 0.279663 -1.093761 3.023329 276 DSCF0931.JPG

277 0.653784 -0.046457 0.551065 0.516464 0.017446 -1.462852 2.951690 277 DSCF0932.JPG

278 0.659814 -0.052827 0.541875 0.517905 -0.266288 -1.639767 2.883791 278 DSCF0933.JPG

279 -0.636081 0.073826 -0.566701 -0.518459 -0.167147 -1.805411 2.791744 279 DSCF0934.JPG

