1 PINHOLE 1558 1038 1598.728011 1599.619804 779.000000 519.000000
2 PINHOLE 1558 1038 1598.804485 1599.634582 779.000000 519.000000
3 PINHOLE 1558 1038 1597.622460 1597.235266 779.000000 519.000000
4 PINHOLE 1558 1038 1596.770256 1596.134613 779.000000 519.000000
5 PINHOLE 1558 1038 1596.241351 1595.446594 779.000000 519.000000
6 PINHOLE 1558 1038 1595.996612 1595.320205 779.000000 519.000000
7 PINHOLE 1558 1038 1596.337187 1596.024462 779.000000 519.000000
8 PINHOLE 1558 1038 1596.279733 1596.241867 779.000000 519.000000
9 PINHOLE 1558 1038 1596.443656 1596.654501 779.000000 519.000000
10 PINHOLE 1558 1038 1596.423013 1596.651749 779.000000 519.000000
11 PINHOLE 1558 1038 1596.835106 1597.055507 779.000000 519.000000
12 PINHOLE 1558 1038 1597.057343 1597.510806 779.000000 519.000000
13 PINHOLE 1558 1038 1597.024970 1597.425429 779.000000 519.000000
14 PINHOLE 1558 1038 1597.103970 1597.629731 779.000000 519.000000
15 PINHOLE 1558 1038 1597.217529 1597.609315 779.000000 519.000000
16 PINHOLE 1558 1038 1597.374721 1597.858714 779.000000 519.000000
17 PINHOLE 1558 1038 1597.632733 1597.788052 779.000000 519.000000
18 PINHOLE 1558 1038 1597.468008 1597.434177 779.000000 519.000000
19 PINHOLE 1558 1038 1597.334846 1597.082387 779.000000 519.000000
20 PINHOLE 1558 1038 1597.217046 1596.428580 779.000000 519.000000
21 PINHOLE 1558 1038 1597.437072 1596.948317 779.000000 519.000000
22 PINHOLE 1558 1038 1597.743451 1597.596676 779.000000 519.000000
23 PINHOLE 1558 1038 1597.897583 1598.112886 779.000000 519.000000
24 PINHOLE 1558 1038 1598.127919 1599.122839 779.000000 519.000000
25 PINHOLE 1558 1038 1598.326861 1599.691425 779.000000 519.000000
26 PINHOLE 1558 1038 1598.058994 1598.600037 779.000000 519.000000
27 PINHOLE 1558 1038 1598.311501 1598.620476 779.000000 519.000000
28 PINHOLE 1558 1038 1598.388547 1598.315725 779.000000 519.000000
29 PINHOLE 1558 1038 1598.314161 1598.052903 779.000000 519.000000
30 PINHOLE 1558 1038 1598.090796 1597.927275 779.000000 519.000000
31 PINHOLE 1558 1038 1598.000351 1597.831162 779.000000 519.000000
32 PINHOLE 1558 1038 1598.071811 1597.914632 779.000000 519.000000
33 PINHOLE 1558 1038 1598.329522 1598.224271 779.000000 519.000000
34 PINHOLE 1558 1038 1598.240749 1598.226541 779.000000 519.000000
35 PINHOLE 1558 1038 1598.195639 1598.529802 779.000000 519.000000
36 PINHOLE 1558 1038 1597.852852 1598.228001 779.000000 519.000000
37 PINHOLE 1558 1038 1597.636601 1598.529964 779.000000 519.000000
38 PINHOLE 1558 1038 1597.126560 1597.317708 779.000000 519.000000
39 PINHOLE 1558 1038 1597.421484 1596.649159 779.000000 519.000000
40 PINHOLE 1558 1038 1598.980931 1597.521985 779.000000 519.000000
41 PINHOLE 1558 1038 1597.234685 1594.162702 779.000000 519.000000
42 PINHOLE 1558 1038 1596.558588 1593.986472 779.000000 519.000000
43 PINHOLE 1558 1038 1595.463418 1593.382524 779.000000 519.000000
44 PINHOLE 1558 1038 1596.933898 1595.547297 779.000000 519.000000
45 PINHOLE 1558 1038 1596.312322 1594.908356 779.000000 519.000000
46 PINHOLE 1558 1038 1597.533871 1597.521823 779.000000 519.000000
47 PINHOLE 1558 1038 1598.083903 1599.339547 779.000000 519.000000
48 PINHOLE 1558 1038 1597.729671 1599.115697 779.000000 519.000000
49 PINHOLE 1558 1038 1597.528070 1598.686014 779.000000 519.000000
50 PINHOLE 1558 1038 1597.851281 1598.367618 779.000000 519.000000
51 PINHOLE 1558 1038 1597.550548 1597.538024 779.000000 519.000000
52 PINHOLE 1558 1038 1597.680597 1597.305722 779.000000 519.000000
53 PINHOLE 1558 1038 1597.992976 1597.386065 779.000000 519.000000
54 PINHOLE 1558 1038 1597.715166 1597.178419 779.000000 519.000000
55 PINHOLE 1558 1038 1598.019092 1596.788689 779.000000 519.000000
56 PINHOLE 1558 1038 1597.709122 1597.007901 779.000000 519.000000
57 PINHOLE 1558 1038 1597.862886 1597.226196 779.000000 519.000000
58 PINHOLE 1558 1038 1598.096358 1597.565892 779.000000 519.000000
59 PINHOLE 1558 1038 1598.387459 1597.824517 779.000000 519.000000
60 PINHOLE 1558 1038 1598.414553 1597.355450 779.000000 519.000000
61 PINHOLE 1558 1038 1598.428101 1597.142305 779.000000 519.000000
62 PINHOLE 1558 1038 1599.162492 1601.120347 779.000000 519.000000
63 PINHOLE 1558 1038 1597.127889 1598.109319 779.000000 519.000000
64 PINHOLE 1558 1038 1597.386321 1597.823058 779.000000 519.000000
65 PINHOLE 1558 1038 1597.421001 1597.544829 779.000000 519.000000
66 PINHOLE 1558 1038 1596.862279 1596.770558 779.000000 519.000000
67 PINHOLE 1558 1038 1596.058998 1596.103879 779.000000 519.000000
68 PINHOLE 1558 1038 1596.296510 1596.224233 779.000000 519.000000
69 PINHOLE 1558 1038 1596.290596 1595.896697 779.000000 519.000000
70 PINHOLE 1558 1038 1596.474319 1595.644294 779.000000 519.000000
71 PINHOLE 1558 1038 1597.341492 1596.644789 779.000000 519.000000
72 PINHOLE 1558 1038 1596.707584 1596.078646 779.000000 519.000000
73 PINHOLE 1558 1038 1597.234685 1596.373403 779.000000 519.000000
74 PINHOLE 1558 1038 1596.987526 1596.273414 779.000000 519.000000
75 PINHOLE 1558 1038 1597.157849 1596.452205 779.000000 519.000000
76 PINHOLE 1558 1038 1597.612791 1597.187812 779.000000 519.000000
77 PINHOLE 1558 1038 1597.852610 1597.542723 779.000000 519.000000
78 PINHOLE 1558 1038 1598.126347 1598.306320 779.000000 519.000000
79 PINHOLE 1558 1038 1598.344278 1598.844200 779.000000 519.000000
80 PINHOLE 1558 1038 1598.535642 1599.121378 779.000000 519.000000
81 PINHOLE 1558 1038 1598.475156 1599.334189 779.000000 519.000000
82 PINHOLE 1558 1038 1597.701628 1598.310211 779.000000 519.000000
83 PINHOLE 1558 1038 1597.555020 1598.515853 779.000000 519.000000
84 PINHOLE 1558 1038 1597.098776 1598.145311 779.000000 519.000000
85 PINHOLE 1558 1038 1597.112064 1598.546022 779.000000 519.000000
86 PINHOLE 1558 1038 1597.037170 1598.799418 779.000000 519.000000
87 PINHOLE 1558 1038 1596.818199 1598.504337 779.000000 519.000000
88 PINHOLE 1558 1038 1596.121508 1598.000218 779.000000 519.000000
89 PINHOLE 1558 1038 1595.180893 1596.583611 779.000000 519.000000
90 PINHOLE 1558 1038 1595.789453 1597.308800 779.000000 519.000000
91 PINHOLE 1558 1038 1595.620330 1596.592998 779.000000 519.000000
92 PINHOLE 1558 1038 1596.389937 1597.353668 779.000000 519.000000
93 PINHOLE 1558 1038 1596.885226 1597.568484 779.000000 519.000000
94 PINHOLE 1558 1038 1597.442389 1599.189712 779.000000 519.000000
95 PINHOLE 1558 1038 1597.154466 1598.293347 779.000000 519.000000
96 PINHOLE 1558 1038 1596.746950 1597.422027 779.000000 519.000000
97 PINHOLE 1558 1038 1597.559975 1598.114994 779.000000 519.000000
98 PINHOLE 1558 1038 1597.016273 1597.512264 779.000000 519.000000
99 PINHOLE 1558 1038 1597.329651 1597.547583 779.000000 519.000000
100 PINHOLE 1558 1038 1597.226228 1597.130969 779.000000 519.000000
101 PINHOLE 1558 1038 1597.333759 1597.473220 779.000000 519.000000
102 PINHOLE 1558 1038 1597.269480 1597.016645 779.000000 519.000000
103 PINHOLE 1558 1038 1597.834114 1597.831810 779.000000 519.000000
104 PINHOLE 1558 1038 1597.396954 1597.296814 779.000000 519.000000
105 PINHOLE 1558 1038 1597.417376 1597.302159 779.000000 519.000000
106 PINHOLE 1558 1038 1597.540518 1597.191699 779.000000 519.000000
107 PINHOLE 1558 1038 1597.794101 1597.737004 779.000000 519.000000
108 PINHOLE 1558 1038 1598.155248 1598.210327 779.000000 519.000000
109 PINHOLE 1558 1038 1597.232389 1597.464471 779.000000 519.000000
110 PINHOLE 1558 1038 1597.296424 1597.673643 779.000000 519.000000
111 PINHOLE 1558 1038 1597.078724 1597.320300 779.000000 519.000000
112 PINHOLE 1558 1038 1596.710844 1597.240935 779.000000 519.000000
113 PINHOLE 1558 1038 1596.784023 1597.937163 779.000000 519.000000
114 PINHOLE 1558 1038 1596.840178 1598.214543 779.000000 519.000000
115 PINHOLE 1558 1038 1597.054927 1598.420811 779.000000 519.000000
116 PINHOLE 1558 1038 1597.640468 1598.852475 779.000000 519.000000
117 PINHOLE 1558 1038 1596.908897 1597.598135 779.000000 519.000000
118 PINHOLE 1558 1038 1597.314547 1597.837321 779.000000 519.000000
119 PINHOLE 1558 1038 1597.879570 1598.327400 779.000000 519.000000
120 PINHOLE 1558 1038 1597.986446 1598.320428 779.000000 519.000000
121 PINHOLE 1558 1038 1597.821542 1597.950292 779.000000 519.000000
122 PINHOLE 1558 1038 1597.814772 1597.544991 779.000000 519.000000
123 PINHOLE 1558 1038 1597.872074 1597.848990 779.000000 519.000000
124 PINHOLE 1558 1038 1597.606747 1597.353020 779.000000 519.000000
125 PINHOLE 1558 1038 1597.489277 1596.997214 779.000000 519.000000
126 PINHOLE 1558 1038 1597.455924 1597.136313 779.000000 519.000000
127 PINHOLE 1558 1038 1597.126198 1596.989442 779.000000 519.000000
128 PINHOLE 1558 1038 1597.297753 1597.024255 779.000000 519.000000
129 PINHOLE 1558 1038 1597.484564 1597.201579 779.000000 519.000000
130 PINHOLE 1558 1038 1597.538100 1597.275109 779.000000 519.000000
131 PINHOLE 1558 1038 1597.591640 1597.311067 779.000000 519.000000
132 PINHOLE 1558 1038 1597.609769 1597.483426 779.000000 519.000000
133 PINHOLE 1558 1038 1597.626690 1597.567512 779.000000 519.000000
134 PINHOLE 1558 1038 1597.729913 1597.654684 779.000000 519.000000
135 PINHOLE 1558 1038 1597.716738 1597.791942 779.000000 519.000000
136 PINHOLE 1558 1038 1597.622580 1597.511778 779.000000 519.000000
137 PINHOLE 1558 1038 1596.775569 1596.246882 779.000000 519.000000
138 PINHOLE 1558 1038 1597.998779 1598.696721 779.000000 519.000000
139 PINHOLE 1558 1038 1598.024291 1598.450490 779.000000 519.000000
140 PINHOLE 1558 1038 1597.802804 1598.054362 779.000000 519.000000
141 PINHOLE 1558 1038 1597.597320 1597.405180 779.000000 519.000000
142 PINHOLE 1558 1038 1597.194091 1597.191052 779.000000 519.000000
143 PINHOLE 1558 1038 1596.932811 1596.177642 779.000000 519.000000
144 PINHOLE 1558 1038 1597.030285 1596.589275 779.000000 519.000000
145 PINHOLE 1558 1038 1597.327113 1596.710342 779.000000 519.000000
146 PINHOLE 1558 1038 1597.658236 1597.020693 779.000000 519.000000
147 PINHOLE 1558 1038 1597.039103 1596.456089 779.000000 519.000000
148 PINHOLE 1558 1038 1596.896095 1596.304639 779.000000 519.000000
149 PINHOLE 1558 1038 1596.665684 1595.960577 779.000000 519.000000
150 PINHOLE 1558 1038 1596.857931 1596.275194 779.000000 519.000000
151 PINHOLE 1558 1038 1596.502931 1596.101615 779.000000 519.000000
152 PINHOLE 1558 1038 1596.329703 1595.912222 779.000000 519.000000
153 PINHOLE 1558 1038 1596.284923 1596.093042 779.000000 519.000000
154 PINHOLE 1558 1038 1596.557018 1596.190099 779.000000 519.000000
155 PINHOLE 1558 1038 1596.657353 1596.153539 779.000000 519.000000
156 PINHOLE 1558 1038 1596.737772 1596.003274 779.000000 519.000000
157 PINHOLE 1558 1038 1596.794408 1596.058428 779.000000 519.000000
158 PINHOLE 1558 1038 1596.814696 1596.164216 779.000000 519.000000
159 PINHOLE 1558 1038 1596.899356 1596.090616 779.000000 519.000000
160 PINHOLE 1558 1038 1597.032942 1596.258854 779.000000 519.000000
161 PINHOLE 1558 1038 1597.208226 1596.914640 779.000000 519.000000
162 PINHOLE 1558 1038 1597.394296 1597.512264 779.000000 519.000000
163 PINHOLE 1558 1038 1597.366625 1597.602509 779.000000 519.000000
164 PINHOLE 1558 1038 1597.646149 1598.406215 779.000000 519.000000
165 PINHOLE 1558 1038 1597.605660 1598.305347 779.000000 519.000000
166 PINHOLE 1558 1038 1597.643369 1598.278429 779.000000 519.000000
167 PINHOLE 1558 1038 1597.911486 1598.483414 779.000000 519.000000
168 PINHOLE 1558 1038 1597.215475 1597.587441 779.000000 519.000000
169 PINHOLE 1558 1038 1597.234564 1597.794373 779.000000 519.000000
170 PINHOLE 1558 1038 1597.429822 1597.786269 779.000000 519.000000
171 PINHOLE 1558 1038 1597.984028 1598.340536 779.000000 519.000000
172 PINHOLE 1558 1038 1598.040857 1598.340374 779.000000 519.000000
173 PINHOLE 1558 1038 1597.848017 1598.247458 779.000000 519.000000
174 PINHOLE 1558 1038 1597.283616 1597.283208 779.000000 519.000000
175 PINHOLE 1558 1038 1597.073650 1596.884041 779.000000 519.000000
176 PINHOLE 1558 1038 1596.951049 1596.969527 779.000000 519.000000
177 PINHOLE 1558 1038 1596.319323 1596.394276 779.000000 519.000000
178 PINHOLE 1558 1038 1596.193798 1596.358032 779.000000 519.000000
179 PINHOLE 1558 1038 1596.365674 1596.666478 779.000000 519.000000
180 PINHOLE 1558 1038 1596.475647 1596.462238 779.000000 519.000000
181 PINHOLE 1558 1038 1596.783660 1596.561439 779.000000 519.000000
182 PINHOLE 1558 1038 1597.332309 1597.374564 779.000000 519.000000
183 PINHOLE 1558 1038 1597.247854 1596.983613 779.000000 519.000000
184 PINHOLE 1558 1038 1597.319743 1597.120281 779.000000 519.000000
185 PINHOLE 1558 1038 1597.436468 1597.399672 779.000000 519.000000
186 PINHOLE 1558 1038 1597.657994 1597.434663 779.000000 519.000000
187 PINHOLE 1558 1038 1597.972905 1597.678180 779.000000 519.000000
188 PINHOLE 1558 1038 1597.744781 1597.284666 779.000000 519.000000
189 PINHOLE 1558 1038 1597.906650 1597.901341 779.000000 519.000000
190 PINHOLE 1558 1038 1598.141825 1598.262376 779.000000 519.000000
191 PINHOLE 1558 1038 1597.959243 1598.562891 779.000000 519.000000
192 PINHOLE 1558 1038 1597.487223 1597.432395 779.000000 519.000000
193 PINHOLE 1558 1038 1597.320710 1597.013406 779.000000 519.000000
194 PINHOLE 1558 1038 1597.155553 1596.773148 779.000000 519.000000
195 PINHOLE 1558 1038 1596.958055 1596.492337 779.000000 519.000000
196 PINHOLE 1558 1038 1596.908897 1596.468225 779.000000 519.000000
197 PINHOLE 1558 1038 1596.775811 1596.280533 779.000000 519.000000
198 PINHOLE 1558 1038 1596.920854 1596.648026 779.000000 519.000000
199 PINHOLE 1558 1038 1596.877255 1596.545417 779.000000 519.000000
200 PINHOLE 1558 1038 1596.888728 1596.804715 779.000000 519.000000
201 PINHOLE 1558 1038 1596.980762 1596.996567 779.000000 519.000000
202 PINHOLE 1558 1038 1597.136225 1597.303130 779.000000 519.000000
203 PINHOLE 1558 1038 1596.893559 1597.087569 779.000000 519.000000
204 PINHOLE 1558 1038 1597.711177 1597.631837 779.000000 519.000000
205 PINHOLE 1558 1038 1597.477072 1597.496387 779.000000 519.000000
206 PINHOLE 1558 1038 1597.560942 1597.448433 779.000000 519.000000
207 PINHOLE 1558 1038 1597.700661 1597.506593 779.000000 519.000000
208 PINHOLE 1558 1038 1597.561063 1597.340223 779.000000 519.000000
209 PINHOLE 1558 1038 1598.060808 1597.807338 779.000000 519.000000
210 PINHOLE 1558 1038 1598.249456 1597.886916 779.000000 519.000000
211 PINHOLE 1558 1038 1598.269170 1597.807338 779.000000 519.000000
212 PINHOLE 1558 1038 1597.953439 1597.305074 779.000000 519.000000
213 PINHOLE 1558 1038 1597.258969 1596.560630 779.000000 519.000000
214 PINHOLE 1558 1038 1596.956243 1596.150628 779.000000 519.000000
215 PINHOLE 1558 1038 1596.652885 1595.651569 779.000000 519.000000
216 PINHOLE 1558 1038 1596.578026 1595.373215 779.000000 519.000000
217 PINHOLE 1558 1038 1596.547842 1595.293863 779.000000 519.000000
218 PINHOLE 1558 1038 1596.436051 1595.000597 779.000000 519.000000
219 PINHOLE 1558 1038 1596.171109 1594.609728 779.000000 519.000000
220 PINHOLE 1558 1038 1596.019660 1594.276495 779.000000 519.000000
221 PINHOLE 1558 1038 1596.030399 1594.263582 779.000000 519.000000
222 PINHOLE 1558 1038 1596.267904 1594.574526 779.000000 519.000000
223 PINHOLE 1558 1038 1596.214678 1594.332187 779.000000 519.000000
224 PINHOLE 1558 1038 1596.244730 1594.554019 779.000000 519.000000
225 PINHOLE 1558 1038 1596.754799 1595.826676 779.000000 519.000000
226 PINHOLE 1558 1038 1596.620526 1595.363195 779.000000 519.000000
227 PINHOLE 1558 1038 1596.872545 1595.760704 779.000000 519.000000
228 PINHOLE 1558 1038 1597.745627 1597.273004 779.000000 519.000000
229 PINHOLE 1558 1038 1598.830502 1599.732191 779.000000 519.000000
230 PINHOLE 1558 1038 1598.895609 1599.426894 779.000000 519.000000
231 PINHOLE 1558 1038 1598.614279 1598.991217 779.000000 519.000000
232 PINHOLE 1558 1038 1597.440335 1597.574965 779.000000 519.000000
233 PINHOLE 1558 1038 1596.563417 1595.601776 779.000000 519.000000
234 PINHOLE 1558 1038 1596.724731 1595.993732 779.000000 519.000000
235 PINHOLE 1558 1038 1596.292648 1595.024507 779.000000 519.000000
236 PINHOLE 1558 1038 1596.672446 1595.435441 779.000000 519.000000
237 PINHOLE 1558 1038 1595.667011 1594.260515 779.000000 519.000000
238 PINHOLE 1558 1038 1596.265007 1595.047772 779.000000 519.000000
239 PINHOLE 1558 1038 1596.603139 1595.593369 779.000000 519.000000
240 PINHOLE 1558 1038 1596.794771 1595.938420 779.000000 519.000000