1 0.877299 -0.023767 0.408210 0.251287 -0.358419 -2.364958 2.297364 1 DSCF5857.JPG

2 0.875102 -0.022480 0.404628 0.264513 -0.330410 -2.328564 2.305212 2 DSCF5858.JPG

3 -0.874031 0.010693 -0.410597 -0.259548 -0.372900 -2.164038 2.376028 3 DSCF5859.JPG

4 -0.871088 -0.012671 -0.413204 -0.265156 -0.353770 -2.094262 2.359888 4 DSCF5860.JPG

5 -0.868715 -0.015469 -0.421348 -0.259925 -0.373164 -1.870609 2.454032 5 DSCF5861.JPG

6 0.864807 0.023206 0.427864 0.261731 -0.399769 -1.705782 2.517841 6 DSCF5862.JPG

7 0.852596 0.033179 0.442762 0.275574 -0.325377 -1.577551 2.612382 7 DSCF5863.JPG

8 0.843741 0.041581 0.443244 0.299843 -0.327790 -1.501570 2.655613 8 DSCF5864.JPG

9 0.827299 0.033409 0.456853 0.325186 -0.316700 -1.383690 2.745745 9 DSCF5865.JPG

10 -0.818746 -0.027519 -0.477375 -0.317822 -0.414117 -1.440907 2.779516 10 DSCF5866.JPG

11 0.810814 0.010849 0.488928 0.321579 -0.456888 -1.571177 2.835417 11 DSCF5867.JPG

12 -0.802236 0.024958 -0.510661 -0.308253 -0.439476 -1.502068 3.049230 12 DSCF5868.JPG

13 -0.794213 0.043066 -0.529274 -0.295365 -0.407567 -1.520873 3.236489 13 DSCF5869.JPG

14 -0.786751 0.060890 -0.540421 -0.291994 -0.374723 -1.575082 3.400102 14 DSCF5870.JPG

15 -0.780247 0.067858 -0.545321 -0.298722 -0.342987 -1.759916 3.493531 15 DSCF5871.JPG

16 0.771740 -0.082873 0.553841 0.301346 -0.323379 -1.861612 3.576874 16 DSCF5872.JPG

17 -0.764270 0.094356 -0.563887 -0.298363 -0.345605 -1.969708 3.635611 17 DSCF5873.JPG

18 0.746532 -0.082648 0.584759 0.306457 -0.237162 -2.252103 3.594271 18 DSCF5874.JPG

19 -0.730632 0.074182 -0.603148 -0.311266 -0.256797 -2.436203 3.585960 19 DSCF5875.JPG

20 0.716817 -0.057376 0.614567 0.324328 -0.389808 -2.638818 3.459350 20 DSCF5876.JPG

21 0.702262 -0.037217 0.618468 0.350629 -0.550878 -2.694874 3.256059 21 DSCF5877.JPG

22 -0.682844 0.022850 -0.626207 -0.375588 -0.534438 -2.580355 3.148638 22 DSCF5878.JPG

23 0.654204 -0.008077 0.627772 0.421727 -0.371684 -2.550837 2.942527 23 DSCF5879.JPG

24 -0.626058 0.007261 -0.637956 -0.448343 -0.197861 -2.364752 2.871037 24 DSCF5880.JPG

25 0.621310 -0.003583 0.649401 0.438451 -0.120257 -2.042236 2.885766 25 DSCF5881.JPG

26 0.629514 -0.030888 0.643931 0.433717 -0.093731 -1.605070 2.924616 26 DSCF5882.JPG

27 0.620194 -0.039230 0.639136 0.453127 -0.013941 -1.440391 2.937315 27 DSCF5883.JPG

28 0.583315 -0.049975 0.660145 0.470591 0.061357 -1.207285 3.073797 28 DSCF5884.JPG

29 0.537086 -0.073224 0.682890 0.489732 0.089402 -0.972031 3.203851 29 DSCF5885.JPG

30 -0.521540 0.083262 -0.714651 -0.458626 0.037895 -0.789605 3.331241 30 DSCF5886.JPG

31 -0.515615 0.089512 -0.731649 -0.436828 0.028042 -0.849851 3.351232 31 DSCF5887.JPG

32 -0.510930 0.102122 -0.743908 -0.418475 0.049239 -0.890154 3.408547 32 DSCF5888.JPG

33 0.520472 -0.101354 0.743411 0.407647 -0.014551 -1.073841 3.438201 33 DSCF5889.JPG

34 -0.531663 0.091452 -0.737696 -0.405925 -0.086720 -1.349867 3.423928 34 DSCF5890.JPG

35 -0.541608 0.077837 -0.727484 -0.413966 -0.168845 -1.663971 3.341875 35 DSCF5891.JPG

36 0.548246 -0.062003 0.727726 0.407427 -0.261994 -1.878619 3.286889 36 DSCF5892.JPG

37 0.549876 -0.041471 0.727444 0.408340 -0.343620 -2.151327 3.190744 37 DSCF5893.JPG

38 0.550649 -0.025427 0.730268 0.403543 -0.459829 -2.367735 3.108880 38 DSCF5894.JPG

39 0.529212 0.000507 0.732825 0.427670 -0.531432 -2.709169 2.842494 39 DSCF5895.JPG

40 0.481226 -0.012069 0.746166 0.459905 -0.515097 -2.894002 2.770963 40 DSCF5896.JPG

41 -0.444364 -0.008954 -0.740265 -0.504448 -0.479956 -3.139246 2.568221 41 DSCF5897.JPG

42 -0.445611 0.004852 -0.731118 -0.516598 -0.544042 -2.976391 2.556696 42 DSCF5898.JPG

43 0.403702 0.020119 0.722027 0.561514 -0.290045 -3.072618 2.353920 43 DSCF5899.JPG

44 -0.367164 -0.010420 -0.719701 -0.589162 -0.145470 -3.081778 2.320095 44 DSCF5900.JPG

45 -0.375943 -0.019883 -0.710090 -0.595016 -0.210257 -2.994542 2.320848 45 DSCF5901.JPG

46 0.392282 0.016329 0.706246 0.589122 -0.225974 -2.792418 2.398688 46 DSCF5902.JPG

47 -0.380097 -0.001928 -0.713547 -0.588534 -0.017355 -2.563115 2.494055 47 DSCF5903.JPG

48 0.375755 -0.002412 0.719258 0.584354 0.037463 -2.328184 2.581754 48 DSCF5904.JPG

49 0.373840 -0.009305 0.725544 0.577706 0.057666 -2.097157 2.689728 49 DSCF5905.JPG

50 0.362286 -0.020978 0.732951 0.575405 0.116677 -1.843245 2.820538 50 DSCF5906.JPG

51 -0.338928 0.034286 -0.740847 -0.578876 0.136597 -1.606477 2.903630 51 DSCF5907.JPG

52 0.260465 -0.076018 0.770870 0.576315 0.323101 -1.306858 3.036103 52 DSCF5908.JPG

53 0.206942 -0.098234 0.794040 0.563051 0.376422 -1.324278 3.206092 53 DSCF5909.JPG

54 0.195997 -0.080347 0.824916 0.524063 0.359141 -1.339045 3.430864 54 DSCF5910.JPG

55 -0.198251 0.068778 -0.835760 -0.507416 0.292662 -1.465814 3.481935 55 DSCF5911.JPG

56 0.197425 -0.065878 0.826832 0.522525 0.292056 -1.825354 3.399001 56 DSCF5912.JPG

57 -0.197484 0.055575 -0.827320 -0.522927 0.288983 -2.013927 3.380694 57 DSCF5913.JPG

58 -0.209415 0.049907 -0.822687 -0.526157 0.159002 -2.253428 3.357675 58 DSCF5914.JPG

59 -0.206681 0.045032 -0.823988 -0.525642 0.130472 -2.402260 3.327254 59 DSCF5915.JPG

60 0.213824 -0.039369 0.817322 0.533586 -0.003474 -2.639182 3.218684 60 DSCF5916.JPG

61 -0.195385 0.036737 -0.815611 -0.543373 0.047731 -2.826520 3.134021 61 DSCF5917.JPG

62 -0.121992 0.039265 -0.822071 -0.554775 0.418761 -3.032022 3.076907 62 DSCF5918.JPG

63 0.039262 -0.039295 0.792974 0.606718 0.797171 -3.547123 2.755180 63 DSCF5919.JPG

64 0.027341 -0.038967 0.777662 0.626878 0.677721 -3.690697 2.732893 64 DSCF5920.JPG

65 -0.033025 0.035022 -0.762745 -0.644905 0.605619 -3.690242 2.663285 65 DSCF5921.JPG

66 0.017302 -0.035120 0.762122 0.646248 0.712410 -3.523263 2.794992 66 DSCF5922.JPG

67 0.024439 0.045017 -0.770392 -0.635510 0.940924 -3.215139 2.981734 67 DSCF5923.JPG

68 0.082990 0.050162 -0.784254 -0.612814 1.198930 -2.811215 3.198788 68 DSCF5924.JPG

69 -0.095806 -0.057401 0.796735 0.593919 1.161499 -2.491614 3.376885 69 DSCF5925.JPG

70 -0.100551 -0.049462 0.809851 0.575834 1.238511 -2.114020 3.491235 70 DSCF5926.JPG

71 0.105657 0.048038 -0.821404 -0.558413 1.308292 -1.749477 3.638066 71 DSCF5927.JPG

72 0.118194 0.056110 -0.821487 -0.555015 1.318943 -1.524247 3.640190 72 DSCF5928.JPG

73 0.167995 0.061813 -0.813266 -0.553674 1.439107 -1.288211 3.534058 73 DSCF5929.JPG

74 -0.214025 -0.083592 0.806432 0.544861 1.436934 -1.026201 3.492345 74 DSCF5930.JPG

75 -0.230500 -0.106415 0.805088 0.536078 1.288440 -1.019828 3.476129 75 DSCF5931.JPG

76 -0.249427 -0.096860 0.802194 0.533750 1.359778 -1.175285 3.458760 76 DSCF5932.JPG

77 -0.252322 -0.074674 0.812293 0.520517 1.306887 -1.294223 3.511867 77 DSCF5933.JPG

78 -0.250798 -0.062040 0.811754 0.523744 1.206705 -1.546176 3.497643 78 DSCF5934.JPG

79 0.253624 0.045113 -0.812134 -0.523525 1.100171 -1.732542 3.456993 79 DSCF5935.JPG

80 0.296119 0.040795 -0.798922 -0.521893 1.328286 -1.876828 3.336136 80 DSCF5936.JPG

81 -0.295939 -0.036802 0.798591 0.522799 1.308545 -2.104385 3.394516 81 DSCF5937.JPG

82 -0.280173 -0.036851 0.801008 0.527761 1.163301 -2.362162 3.476310 82 DSCF5938.JPG

83 -0.270793 -0.043128 0.807905 0.521633 1.037843 -2.524416 3.558282 83 DSCF5939.JPG

84 0.272829 0.036969 -0.816617 -0.507282 1.045300 -2.590695 3.635216 84 DSCF5940.JPG

85 0.286719 0.025155 -0.818661 -0.496945 1.180667 -2.665318 3.633375 85 DSCF5941.JPG

86 -0.293897 -0.022590 0.820049 0.490544 1.194747 -2.781451 3.582776 86 DSCF5942.JPG

87 0.309509 0.002080 -0.822896 -0.476490 1.083342 -2.857775 3.580281 87 DSCF5943.JPG

88 0.348711 -0.007108 -0.815226 -0.462339 1.077116 -2.849702 3.556839 88 DSCF5944.JPG

89 -0.369943 -0.009162 0.786307 0.494752 1.012004 -3.113283 3.303875 89 DSCF5945.JPG

90 0.389697 0.031394 -0.762688 -0.515225 1.044801 -3.139236 3.126369 90 DSCF5946.JPG

91 -0.408553 -0.046012 0.737289 0.536071 1.120559 -3.142624 2.961882 91 DSCF5947.JPG

92 -0.413470 -0.051145 0.739081 0.529327 1.172235 -2.902613 3.063314 92 DSCF5948.JPG

93 0.389949 0.059193 -0.733327 -0.553776 1.059111 -2.902384 2.995861 93 DSCF5949.JPG

94 0.387901 0.053902 -0.732572 -0.556746 1.118559 -2.688252 3.034114 94 DSCF5950.JPG

95 -0.378589 -0.056201 0.743509 0.548367 1.040941 -2.393948 3.178694 95 DSCF5951.JPG

96 -0.388146 -0.054434 0.732031 0.557234 1.052491 -2.280648 3.155196 96 DSCF5952.JPG

97 -0.411707 -0.053479 0.731007 0.541540 1.042554 -1.965275 3.225453 97 DSCF5953.JPG

98 -0.439460 -0.073532 0.710448 0.544731 1.051299 -1.848019 3.115701 98 DSCF5954.JPG

99 -0.465788 -0.074952 0.700540 0.535414 1.112138 -1.616656 3.111528 99 DSCF5955.JPG

100 0.482092 0.086452 -0.697339 -0.523290 1.157060 -1.363694 3.204129 100 DSCF5956.JPG

101 -0.509700 -0.075798 0.680601 0.520809 1.305767 -1.166885 3.194285 101 DSCF5957.JPG

102 0.504786 0.075163 -0.698079 -0.502223 1.032953 -1.178126 3.315897 102 DSCF5958.JPG

103 -0.518355 -0.083158 0.706396 0.474760 0.907513 -1.222766 3.375440 103 DSCF5959.JPG

104 0.542142 0.078277 -0.702938 -0.453688 0.924544 -1.308610 3.388976 104 DSCF5960.JPG

105 -0.552610 -0.065936 0.701896 0.444540 0.913683 -1.415846 3.392188 105 DSCF5961.JPG

106 -0.548911 -0.046738 0.703711 0.448668 0.893973 -1.574858 3.430103 106 DSCF5962.JPG

107 0.541106 0.021398 -0.711813 -0.447290 0.822259 -1.683302 3.541914 107 DSCF5963.JPG

108 -0.547424 -0.012101 0.711621 0.440200 0.768996 -1.787077 3.577953 108 DSCF5964.JPG

109 0.555556 -0.000522 -0.697828 -0.452098 0.682752 -2.058408 3.439912 109 DSCF5965.JPG

110 -0.572131 0.016787 0.691243 0.441098 0.718937 -2.133444 3.424881 110 DSCF5966.JPG

111 0.581707 -0.010602 -0.685382 -0.437900 0.730425 -2.337390 3.381330 111 DSCF5967.JPG

112 0.568704 -0.015934 -0.693682 -0.441731 0.611301 -2.516628 3.403054 112 DSCF5968.JPG

113 0.568444 -0.031445 -0.701826 -0.428163 0.636273 -2.575285 3.481720 113 DSCF5969.JPG

114 0.587741 -0.028906 -0.694450 -0.414082 0.719887 -2.725071 3.489873 114 DSCF5970.JPG

115 -0.639887 0.045884 0.653509 0.401703 1.016188 -2.816558 3.411499 115 DSCF5971.JPG

116 -0.655257 0.041717 0.640667 0.398050 0.894488 -2.742522 3.439211 116 DSCF5972.JPG

117 0.653115 -0.015405 -0.635447 -0.411594 0.716632 -2.776483 3.454376 117 DSCF5973.JPG

118 0.652336 -0.002349 -0.639472 -0.406851 0.692538 -2.541980 3.639422 118 DSCF5974.JPG

119 0.637340 0.006541 -0.649167 -0.415134 0.573760 -2.406631 3.785762 119 DSCF5975.JPG

120 0.637760 0.012072 -0.648154 -0.415948 0.629726 -2.274579 3.869656 120 DSCF5976.JPG

121 -0.653317 -0.013310 0.633535 0.414286 0.731478 -2.113411 3.843158 121 DSCF5977.JPG

122 -0.675017 -0.016876 0.629693 0.384127 0.731837 -1.767860 3.889692 122 DSCF5978.JPG

123 0.704913 0.035523 -0.598728 -0.378629 0.924129 -1.746852 3.768381 123 DSCF5979.JPG

124 -0.698952 -0.029117 0.604852 0.380489 0.826746 -1.521816 3.804784 124 DSCF5980.JPG

125 -0.703887 -0.040987 0.598782 0.379899 0.835491 -1.413921 3.765887 125 DSCF5981.JPG

126 -0.738644 -0.057080 0.567996 0.358507 1.011648 -1.234970 3.666313 126 DSCF5982.JPG

127 0.776286 0.058500 -0.538653 -0.322196 1.082770 -0.992257 3.538857 127 DSCF5983.JPG

128 -0.793881 -0.041898 0.527512 0.299547 1.040077 -0.995107 3.491489 128 DSCF5984.JPG

129 0.790767 0.022051 -0.530469 -0.304638 0.943653 -1.136261 3.509568 129 DSCF5985.JPG

130 0.787424 0.018254 -0.534938 -0.305731 0.869176 -1.311337 3.509697 130 DSCF5986.JPG

131 0.799257 0.002391 -0.523595 -0.295009 0.887595 -1.418175 3.467857 131 DSCF5987.JPG

132 0.810399 -0.022670 -0.508707 -0.289754 0.899625 -1.499242 3.400899 132 DSCF5988.JPG

133 -0.813102 0.030993 0.501837 0.293366 0.865071 -1.657374 3.343085 133 DSCF5989.JPG

134 -0.814250 0.043625 0.496905 0.296949 0.857977 -1.822820 3.308994 134 DSCF5990.JPG

135 0.812006 -0.074670 -0.499590 -0.292372 0.778581 -1.835152 3.382212 135 DSCF5991.JPG

136 0.799951 -0.081942 -0.500163 -0.321249 0.495085 -2.139875 3.312994 136 DSCF5992.JPG

137 -0.800049 0.106308 0.495279 0.321434 0.413844 -2.194295 3.325241 137 DSCF5993.JPG

138 -0.812118 0.126785 0.481010 0.304990 0.543762 -2.187367 3.351668 138 DSCF5994.JPG

139 0.814830 -0.112706 -0.469155 -0.321315 0.467191 -2.367834 3.248818 139 DSCF5995.JPG

140 0.821778 -0.084463 -0.455946 -0.331151 0.479730 -2.395535 3.105798 140 DSCF5996.JPG

141 -0.815553 0.048035 0.468704 0.335980 0.422482 -2.364623 2.964178 141 DSCF5997.JPG

142 0.812198 -0.011080 -0.472037 -0.342626 0.365388 -2.361732 2.809620 142 DSCF5998.JPG

143 -0.823302 -0.018206 0.460720 0.331028 0.415529 -2.277909 2.685588 143 DSCF5999.JPG

144 0.836743 0.032935 -0.439672 -0.324755 0.559042 -2.180297 2.593647 144 DSCF6000.JPG

145 0.827844 0.040840 -0.451011 -0.331052 0.510538 -2.050902 2.603696 145 DSCF6001.JPG

146 0.842964 0.035146 -0.444772 -0.300589 0.644944 -1.713294 2.739192 146 DSCF6002.JPG

147 -0.861172 -0.017250 0.426040 0.276721 0.685467 -1.419189 2.821225 147 DSCF6003.JPG

148 -0.877096 -0.021633 0.403902 0.259032 0.693079 -1.285001 2.819416 148 DSCF6004.JPG

149 0.883154 0.025059 -0.387915 -0.262552 0.636133 -1.167242 2.757913 149 DSCF6005.JPG

150 0.885683 0.022141 -0.380979 -0.264445 0.644870 -0.999545 2.722011 150 DSCF6006.JPG

151 -0.904834 -0.033632 0.343119 0.249827 0.730843 -0.904831 2.607322 151 DSCF6007.JPG

152 0.924571 0.051880 -0.309606 -0.215920 0.717266 -0.799685 2.533840 152 DSCF6008.JPG

153 0.942527 0.055649 -0.260440 -0.201785 0.800103 -0.830330 2.446184 153 DSCF6009.JPG

154 0.941077 0.033898 -0.270610 -0.199986 0.686668 -0.901537 2.437232 154 DSCF6010.JPG

155 -0.945264 -0.002702 0.263852 0.191968 0.623963 -0.946032 2.385758 155 DSCF6011.JPG

156 -0.950945 0.004754 0.255824 0.173880 0.555876 -1.065677 2.274084 156 DSCF6012.JPG

157 -0.957492 0.005286 0.237300 0.163921 0.620031 -1.238759 2.175926 157 DSCF6013.JPG

158 -0.953950 0.025747 0.241367 0.176236 0.566303 -1.371350 2.246977 158 DSCF6014.JPG

159 0.946563 -0.043703 -0.256653 -0.190361 0.509303 -1.503985 2.371572 159 DSCF6015.JPG

160 0.947383 -0.061893 -0.253313 -0.185652 0.525731 -1.611016 2.479352 160 DSCF6016.JPG

161 -0.947403 0.063633 0.253639 0.184514 0.496273 -1.846372 2.465730 161 DSCF6017.JPG

162 0.944872 -0.093866 -0.260429 -0.174877 0.483766 -1.888001 2.585059 162 DSCF6018.JPG

163 -0.941536 0.113429 0.259560 0.182406 0.421581 -2.028239 2.666223 163 DSCF6019.JPG

164 -0.943769 0.130464 0.248056 0.175348 0.497971 -2.084220 2.722239 164 DSCF6020.JPG

165 0.951195 -0.132034 -0.229103 -0.159081 0.579134 -2.233908 2.680922 165 DSCF6021.JPG

166 0.962070 -0.118990 -0.196666 -0.146918 0.574333 -2.320057 2.595793 166 DSCF6022.JPG

167 -0.974170 0.088268 0.175199 0.111834 0.672139 -2.207969 2.515517 167 DSCF6023.JPG

168 -0.980930 0.041429 0.159313 0.103340 0.640268 -2.219068 2.381856 168 DSCF6024.JPG

169 -0.985118 0.004669 0.142375 0.096173 0.692849 -2.177642 2.258182 169 DSCF6025.JPG

170 0.983756 0.015749 -0.137780 -0.113988 0.681599 -2.086570 2.183992 170 DSCF6026.JPG

171 0.985437 0.025532 -0.121014 -0.116694 0.692833 -1.922599 2.151631 171 DSCF6027.JPG

172 -0.988988 -0.031733 0.101123 0.103297 0.632602 -1.710861 2.159560 172 DSCF6028.JPG

173 0.993095 0.036944 -0.071457 -0.085392 0.640941 -1.524583 2.209599 173 DSCF6029.JPG

174 -0.993907 -0.041268 0.069901 0.074560 0.537317 -1.357360 2.275225 174 DSCF6030.JPG

175 -0.993628 -0.033542 0.073961 0.078158 0.478167 -1.144380 2.374187 175 DSCF6031.JPG

176 -0.994048 -0.048892 0.066338 0.071251 0.463480 -1.093818 2.426051 176 DSCF6032.JPG

177 0.996199 0.066195 -0.039648 -0.040420 0.522075 -1.023879 2.482439 177 DSCF6033.JPG

178 0.998103 0.061257 -0.003715 -0.004817 0.553455 -0.952819 2.513808 178 DSCF6034.JPG

179 -0.999456 -0.030094 -0.008604 -0.010440 0.479627 -0.965596 2.563368 179 DSCF6035.JPG

180 1.000000 0.000001 -0.000005 0.000040 0.361123 -1.010808 2.639022 180 DSCF6036.JPG

181 0.999415 -0.033293 -0.002618 -0.007297 0.318394 -1.043319 2.754829 181 DSCF6037.JPG

182 0.998131 -0.057043 0.013620 -0.017187 0.334798 -1.110722 2.809184 182 DSCF6038.JPG

183 0.996586 -0.079971 0.012531 -0.016238 0.228886 -1.167232 2.850286 183 DSCF6039.JPG

184 0.996561 -0.079188 0.018700 -0.015679 0.237820 -1.366134 2.846052 184 DSCF6040.JPG

185 0.994716 -0.097422 0.007001 -0.031638 0.185234 -1.437993 2.858353 185 DSCF6041.JPG

186 -0.993430 0.103958 0.003991 0.047685 0.127387 -1.574123 2.865656 186 DSCF6042.JPG

187 0.990256 -0.134518 -0.011427 -0.034165 0.166202 -1.587348 2.949489 187 DSCF6043.JPG

188 0.991358 -0.126080 -0.003106 -0.036117 0.147543 -1.896274 2.882808 188 DSCF6044.JPG

189 -0.988450 0.149031 -0.019109 0.019763 0.253308 -1.934448 2.945874 189 DSCF6045.JPG

190 0.982945 -0.179430 0.033273 -0.022722 0.196102 -1.921167 3.048789 190 DSCF6046.JPG

191 0.985642 -0.154313 0.066765 -0.015513 0.205217 -2.126754 2.979400 191 DSCF6047.JPG

192 0.986943 -0.142457 0.075156 0.000711 0.123984 -2.073083 2.979323 192 DSCF6048.JPG

193 0.989274 -0.117481 0.085964 0.012095 0.120042 -2.059847 2.945457 193 DSCF6049.JPG

194 0.992506 -0.078429 0.092005 0.017804 0.157031 -2.102742 2.861720 194 DSCF6050.JPG

195 -0.994579 0.071790 -0.074250 -0.012084 0.074770 -1.926767 2.890328 195 DSCF6051.JPG

196 -0.996485 0.058669 -0.056405 -0.019840 0.046151 -1.837636 2.925336 196 DSCF6052.JPG

197 0.996805 -0.048055 0.055338 0.031765 0.067419 -1.767332 2.955534 197 DSCF6053.JPG

198 0.995212 -0.044319 0.072479 0.048322 0.141691 -1.641481 2.976172 198 DSCF6054.JPG

199 0.994785 -0.032074 0.080311 0.054072 0.110437 -1.559860 2.964431 199 DSCF6055.JPG

200 0.992530 -0.040468 0.092920 0.067921 0.126501 -1.325450 3.017703 200 DSCF6056.JPG

201 0.989408 -0.031235 0.111349 0.087739 0.138612 -1.200664 2.976712 201 DSCF6057.JPG

202 -0.985098 0.025024 -0.129971 -0.109827 0.148710 -1.094177 2.932826 202 DSCF6058.JPG

203 -0.979751 0.002238 -0.146278 -0.136694 0.171858 -1.098224 2.861406 203 DSCF6059.JPG

204 0.974218 -0.013074 0.154221 0.164149 0.114951 -1.026083 2.906767 204 DSCF6060.JPG

205 0.967209 -0.044264 0.178521 0.175150 0.168947 -1.012614 2.966576 205 DSCF6061.JPG

206 -0.967711 0.052565 -0.167253 -0.181105 0.053429 -1.143731 2.995551 206 DSCF6062.JPG

207 -0.966096 0.067595 -0.175146 -0.177237 0.046348 -1.198738 2.981260 207 DSCF6063.JPG

208 0.965164 -0.074417 0.181112 0.173548 0.063643 -1.277008 2.943023 208 DSCF6064.JPG

209 0.965496 -0.088364 0.190858 0.153567 0.043553 -1.337017 2.962266 209 DSCF6065.JPG

210 -0.965140 0.108106 -0.192149 -0.141056 0.001044 -1.387712 3.000007 210 DSCF6066.JPG

211 -0.963592 0.118199 -0.205561 -0.123548 -0.036765 -1.491768 3.027720 211 DSCF6067.JPG

212 -0.961251 0.141128 -0.217394 -0.093910 -0.197140 -1.456838 3.141546 212 DSCF6068.JPG

213 -0.961000 0.136340 -0.227571 -0.078118 -0.338921 -1.543595 3.155584 213 DSCF6069.JPG

214 -0.963260 0.117285 -0.228362 -0.078896 -0.536077 -1.630013 3.100137 214 DSCF6070.JPG

215 0.964375 -0.105368 0.227262 0.085041 -0.708253 -1.675703 3.035122 215 DSCF6071.JPG

216 -0.965700 0.080900 -0.228889 -0.092132 -0.802713 -1.786530 2.941604 216 DSCF6072.JPG

217 -0.967649 0.055264 -0.224553 -0.100887 -0.931061 -1.894398 2.850775 217 DSCF6073.JPG

218 -0.968188 0.046469 -0.215404 -0.118548 -1.010752 -1.927593 2.825181 218 DSCF6074.JPG

219 -0.968719 0.027212 -0.207550 -0.133292 -1.071035 -2.007996 2.751601 219 DSCF6075.JPG

220 0.965940 0.000101 0.204053 0.159127 -1.048453 -2.116406 2.641796 220 DSCF6076.JPG

221 -0.959236 -0.009792 -0.218473 -0.178998 -0.992289 -2.114157 2.659278 221 DSCF6077.JPG

222 0.950199 0.025815 0.231014 0.207576 -0.953146 -2.221995 2.618972 222 DSCF6078.JPG

223 0.944558 0.041028 0.223880 0.236652 -0.951277 -2.249688 2.529130 223 DSCF6079.JPG

224 -0.926996 -0.012559 -0.244834 -0.283860 -0.559349 -1.972377 2.662671 224 DSCF6080.JPG

225 0.913192 -0.012379 0.288483 0.287584 -0.392496 -1.802960 2.812289 225 DSCF6081.JPG

226 -0.917465 0.003185 -0.288318 -0.274081 -0.582456 -2.071073 2.768226 226 DSCF6082.JPG

227 -0.914847 0.001392 -0.300151 -0.270115 -0.618567 -2.300079 2.778999 227 DSCF6083.JPG

228 -0.911290 0.003910 -0.316520 -0.263344 -0.713222 -2.449046 2.840512 228 DSCF6084.JPG

229 0.911580 0.008557 0.331413 0.243134 -0.843613 -2.621850 2.815093 229 DSCF6085.JPG

230 0.913907 0.027817 0.328355 0.237031 -0.837925 -2.786653 2.675613 230 DSCF6086.JPG

231 0.919972 0.021694 0.310368 0.238437 -0.723908 -2.802164 2.610930 231 DSCF6087.JPG

232 0.924180 0.016499 0.299665 0.236262 -0.485754 -2.751553 2.579790 232 DSCF6088.JPG

233 -0.944079 -0.003949 -0.265318 -0.195719 -0.527584 -2.595478 2.607956 233 DSCF6089.JPG

234 0.962049 0.005191 0.223244 0.156833 -0.476301 -2.506737 2.633031 234 DSCF6090.JPG

235 -0.979368 -0.001186 -0.169545 -0.109963 -0.563103 -2.440455 2.664013 235 DSCF6091.JPG

236 -0.991072 -0.010886 -0.117356 -0.062341 -0.635523 -2.473817 2.609984 236 DSCF6092.JPG

237 0.995848 0.008585 0.082938 0.036530 -0.393855 -2.468748 2.643461 237 DSCF6093.JPG

238 0.999568 -0.018430 0.022741 -0.002438 -0.426536 -2.296677 2.766000 238 DSCF6094.JPG

239 -0.998880 0.026853 0.022678 0.031675 -0.359094 -2.166447 2.753895 239 DSCF6095.JPG

240 0.993885 -0.029798 -0.076139 -0.074213 -0.264608 -1.987969 2.553442 240 DSCF6096.JPG

