1 PINHOLE 1297 840 961.216390 962.523049 648.500000 420.000000
2 PINHOLE 1297 840 961.657070 962.778690 648.500000 420.000000
3 PINHOLE 1297 840 961.762059 963.419703 648.500000 420.000000
4 PINHOLE 1297 840 961.299807 962.707606 648.500000 420.000000
5 PINHOLE 1297 840 961.494610 963.304420 648.500000 420.000000
6 PINHOLE 1297 840 961.402888 963.019172 648.500000 420.000000
7 PINHOLE 1297 840 960.770182 961.698199 648.500000 420.000000
8 PINHOLE 1297 840 962.109040 964.479340 648.500000 420.000000
9 PINHOLE 1297 840 962.432922 964.855826 648.500000 420.000000
10 PINHOLE 1297 840 960.591755 960.889830 648.500000 420.000000
11 PINHOLE 1297 840 961.638152 962.897940 648.500000 420.000000
12 PINHOLE 1297 840 962.521684 964.431835 648.500000 420.000000
13 PINHOLE 1297 840 962.165093 963.855967 648.500000 420.000000
14 PINHOLE 1297 840 961.671661 963.073375 648.500000 420.000000
15 PINHOLE 1297 840 960.991027 961.744149 648.500000 420.000000
16 PINHOLE 1297 840 962.127848 963.924683 648.500000 420.000000
17 PINHOLE 1297 840 962.230432 963.632383 648.500000 420.000000
18 PINHOLE 1297 840 962.728717 964.623134 648.500000 420.000000
19 PINHOLE 1297 840 960.835267 961.168164 648.500000 420.000000
20 PINHOLE 1297 840 961.128040 961.480455 648.500000 420.000000
21 PINHOLE 1297 840 961.819444 963.027631 648.500000 420.000000
22 PINHOLE 1297 840 962.082315 963.963751 648.500000 420.000000
23 PINHOLE 1297 840 961.293628 962.497460 648.500000 420.000000
24 PINHOLE 1297 840 962.266074 964.375463 648.500000 420.000000
25 PINHOLE 1297 840 962.983629 965.490513 648.500000 420.000000
26 PINHOLE 1297 840 962.767728 964.886550 648.500000 420.000000
27 PINHOLE 1297 840 962.224987 963.826318 648.500000 420.000000
28 PINHOLE 1297 840 961.304256 962.358187 648.500000 420.000000
29 PINHOLE 1297 840 962.092089 963.650260 648.500000 420.000000
30 PINHOLE 1297 840 961.236780 962.662440 648.500000 420.000000
31 PINHOLE 1297 840 961.419699 962.972963 648.500000 420.000000
32 PINHOLE 1297 840 961.731265 963.661552 648.500000 420.000000
33 PINHOLE 1297 840 961.761069 964.083718 648.500000 420.000000
34 PINHOLE 1297 840 960.981021 962.497460 648.500000 420.000000
35 PINHOLE 1297 840 960.673739 961.984588 648.500000 420.000000
36 PINHOLE 1297 840 960.479535 961.348224 648.500000 420.000000
37 PINHOLE 1297 840 959.965580 960.429230 648.500000 420.000000
38 PINHOLE 1297 840 959.699064 960.269803 648.500000 420.000000
39 PINHOLE 1297 840 961.346402 963.023558 648.500000 420.000000
40 PINHOLE 1297 840 961.758843 963.656690 648.500000 420.000000
41 PINHOLE 1297 840 960.007275 960.590184 648.500000 420.000000
42 PINHOLE 1297 840 961.510558 963.037422 648.500000 420.000000
43 PINHOLE 1297 840 961.987794 963.751967 648.500000 420.000000
44 PINHOLE 1297 840 961.270641 962.115715 648.500000 420.000000
45 PINHOLE 1297 840 960.457192 960.753991 648.500000 420.000000
46 PINHOLE 1297 840 960.021091 960.357113 648.500000 420.000000
47 PINHOLE 1297 840 960.784385 961.120386 648.500000 420.000000
48 PINHOLE 1297 840 962.450871 964.006431 648.500000 420.000000
49 PINHOLE 1297 840 961.812518 963.276758 648.500000 420.000000
50 PINHOLE 1297 840 960.496077 960.625749 648.500000 420.000000
51 PINHOLE 1297 840 960.692755 961.048962 648.500000 420.000000
52 PINHOLE 1297 840 960.782409 961.325577 648.500000 420.000000
53 PINHOLE 1297 840 960.560642 961.110707 648.500000 420.000000
54 PINHOLE 1297 840 960.587557 960.858618 648.500000 420.000000
55 PINHOLE 1297 840 961.008940 962.115402 648.500000 420.000000
56 PINHOLE 1297 840 960.874791 961.484283 648.500000 420.000000
57 PINHOLE 1297 840 961.061445 962.187586 648.500000 420.000000
58 PINHOLE 1297 840 960.945691 962.100075 648.500000 420.000000
59 PINHOLE 1297 840 961.244689 961.925798 648.500000 420.000000
60 PINHOLE 1297 840 960.700905 960.856589 648.500000 420.000000
61 PINHOLE 1297 840 961.761811 962.829033 648.500000 420.000000
62 PINHOLE 1297 840 961.834038 963.057395 648.500000 420.000000
63 PINHOLE 1297 840 963.062797 965.423419 648.500000 420.000000
64 PINHOLE 1297 840 960.131510 960.405060 648.500000 420.000000
65 PINHOLE 1297 840 962.678067 965.215656 648.500000 420.000000
66 PINHOLE 1297 840 962.771443 964.485936 648.500000 420.000000
67 PINHOLE 1297 840 961.384471 963.074315 648.500000 420.000000
68 PINHOLE 1297 840 962.183407 964.577346 648.500000 420.000000
69 PINHOLE 1297 840 961.686005 963.462578 648.500000 420.000000
70 PINHOLE 1297 840 959.953245 960.246887 648.500000 420.000000
71 PINHOLE 1297 840 962.587923 964.330793 648.500000 420.000000
72 PINHOLE 1297 840 962.689212 965.077922 648.500000 420.000000
73 PINHOLE 1297 840 962.439483 964.589912 648.500000 420.000000
74 PINHOLE 1297 840 961.946105 963.567152 648.500000 420.000000
75 PINHOLE 1297 840 959.566523 959.969079 648.500000 420.000000
76 PINHOLE 1297 840 960.094989 960.722552 648.500000 420.000000
77 PINHOLE 1297 840 960.947791 962.128384 648.500000 420.000000
78 PINHOLE 1297 840 959.498104 959.661271 648.500000 420.000000
79 PINHOLE 1297 840 959.590810 959.605133 648.500000 420.000000
80 PINHOLE 1297 840 961.178824 961.858806 648.500000 420.000000
81 PINHOLE 1297 840 960.517310 960.534344 648.500000 420.000000
82 PINHOLE 1297 840 961.715189 962.598023 648.500000 420.000000
83 PINHOLE 1297 840 960.863057 961.244132 648.500000 420.000000
84 PINHOLE 1297 840 959.442265 959.690316 648.500000 420.000000
85 PINHOLE 1297 840 962.936306 964.953739 648.500000 420.000000
86 PINHOLE 1297 840 961.972206 963.526308 648.500000 420.000000
87 PINHOLE 1297 840 962.257163 963.718638 648.500000 420.000000
88 PINHOLE 1297 840 961.957238 963.638499 648.500000 420.000000
89 PINHOLE 1297 840 962.322015 963.956298 648.500000 420.000000
90 PINHOLE 1297 840 963.037274 965.984329 648.500000 420.000000
91 PINHOLE 1297 840 961.283246 962.241162 648.500000 420.000000
92 PINHOLE 1297 840 959.693516 959.240562 648.500000 420.000000
93 PINHOLE 1297 840 960.889118 961.504983 648.500000 420.000000
94 PINHOLE 1297 840 960.009372 959.978350 648.500000 420.000000
95 PINHOLE 1297 840 963.305065 965.261024 648.500000 420.000000
96 PINHOLE 1297 840 962.831265 964.778043 648.500000 420.000000
97 PINHOLE 1297 840 962.326595 964.013571 648.500000 420.000000
98 PINHOLE 1297 840 960.318583 960.911992 648.500000 420.000000
99 PINHOLE 1297 840 961.850489 963.708757 648.500000 420.000000
100 PINHOLE 1297 840 960.785743 961.764000 648.500000 420.000000
101 PINHOLE 1297 840 959.792167 960.041538 648.500000 420.000000
102 PINHOLE 1297 840 960.814766 961.679758 648.500000 420.000000
103 PINHOLE 1297 840 959.735687 960.238547 648.500000 420.000000
104 PINHOLE 1297 840 961.210211 962.460917 648.500000 420.000000
105 PINHOLE 1297 840 962.176354 963.687114 648.500000 420.000000
106 PINHOLE 1297 840 961.679081 962.909059 648.500000 420.000000
107 PINHOLE 1297 840 962.168558 963.568249 648.500000 420.000000
108 PINHOLE 1297 840 960.586693 961.152394 648.500000 420.000000
109 PINHOLE 1297 840 961.017217 961.615608 648.500000 420.000000
110 PINHOLE 1297 840 961.798913 962.904987 648.500000 420.000000
111 PINHOLE 1297 840 961.668199 962.016175 648.500000 420.000000
112 PINHOLE 1297 840 961.596483 963.090294 648.500000 420.000000
113 PINHOLE 1297 840 961.076147 961.880459 648.500000 420.000000
114 PINHOLE 1297 840 959.735564 960.247043 648.500000 420.000000
115 PINHOLE 1297 840 961.875721 963.034445 648.500000 420.000000
116 PINHOLE 1297 840 961.720383 963.004526 648.500000 420.000000
117 PINHOLE 1297 840 962.212859 963.577736 648.500000 420.000000
118 PINHOLE 1297 840 961.391763 962.340742 648.500000 420.000000
119 PINHOLE 1297 840 961.610702 962.500747 648.500000 420.000000
120 PINHOLE 1297 840 962.717695 964.643713 648.500000 420.000000
121 PINHOLE 1297 840 963.628136 966.490548 648.500000 420.000000
122 PINHOLE 1297 840 959.554934 959.075399 648.500000 420.000000
123 PINHOLE 1297 840 963.157463 965.061494 648.500000 420.000000
124 PINHOLE 1297 840 959.580084 959.440643 648.500000 420.000000
125 PINHOLE 1297 840 960.702016 961.526153 648.500000 420.000000
126 PINHOLE 1297 840 958.528882 958.212783 648.500000 420.000000
127 PINHOLE 1297 840 963.176299 965.381262 648.500000 420.000000
128 PINHOLE 1297 840 963.455424 965.831693 648.500000 420.000000
129 PINHOLE 1297 840 963.664221 965.799581 648.500000 420.000000
130 PINHOLE 1297 840 962.215829 963.910406 648.500000 420.000000
131 PINHOLE 1297 840 962.634108 964.579702 648.500000 420.000000
132 PINHOLE 1297 840 960.651514 961.392740 648.500000 420.000000
133 PINHOLE 1297 840 961.391516 962.589257 648.500000 420.000000
134 PINHOLE 1297 840 960.409546 961.354316 648.500000 420.000000
135 PINHOLE 1297 840 960.279091 961.474831 648.500000 420.000000
136 PINHOLE 1297 840 959.916117 960.784105 648.500000 420.000000
137 PINHOLE 1297 840 960.964220 962.011718 648.500000 420.000000
138 PINHOLE 1297 840 961.363458 963.069615 648.500000 420.000000
139 PINHOLE 1297 840 961.320941 962.358266 648.500000 420.000000
140 PINHOLE 1297 840 958.928948 958.724148 648.500000 420.000000
141 PINHOLE 1297 840 961.685263 962.709642 648.500000 420.000000
142 PINHOLE 1297 840 959.701777 959.865861 648.500000 420.000000
143 PINHOLE 1297 840 961.384347 962.426176 648.500000 420.000000
144 PINHOLE 1297 840 956.818535 956.210663 648.500000 420.000000
145 PINHOLE 1297 840 959.499953 960.013410 648.500000 420.000000
146 PINHOLE 1297 840 956.887920 955.945023 648.500000 420.000000
147 PINHOLE 1297 840 962.249366 963.774005 648.500000 420.000000
148 PINHOLE 1297 840 962.571703 964.567450 648.500000 420.000000
149 PINHOLE 1297 840 962.438616 964.476042 648.500000 420.000000
150 PINHOLE 1297 840 961.847767 963.225044 648.500000 420.000000
151 PINHOLE 1297 840 959.445963 959.865549 648.500000 420.000000
152 PINHOLE 1297 840 959.557893 959.896630 648.500000 420.000000
153 PINHOLE 1297 840 960.498792 961.329716 648.500000 420.000000
154 PINHOLE 1297 840 958.465489 958.378241 648.500000 420.000000
155 PINHOLE 1297 840 959.282167 959.722321 648.500000 420.000000
156 PINHOLE 1297 840 958.472628 958.382824 648.500000 420.000000
157 PINHOLE 1297 840 961.078865 961.952534 648.500000 420.000000
158 PINHOLE 1297 840 961.660161 963.071573 648.500000 420.000000
159 PINHOLE 1297 840 959.729768 959.764998 648.500000 420.000000
160 PINHOLE 1297 840 961.392629 962.340820 648.500000 420.000000
161 PINHOLE 1297 840 962.483306 963.540889 648.500000 420.000000
162 PINHOLE 1297 840 960.902211 961.664520 648.500000 420.000000
163 PINHOLE 1297 840 962.104834 963.560253 648.500000 420.000000
164 PINHOLE 1297 840 960.952856 962.376807 648.500000 420.000000
165 PINHOLE 1297 840 960.861451 962.705728 648.500000 420.000000
166 PINHOLE 1297 840 961.068364 962.489009 648.500000 420.000000
167 PINHOLE 1297 840 961.586097 962.962390 648.500000 420.000000
168 PINHOLE 1297 840 959.948064 960.829904 648.500000 420.000000
169 PINHOLE 1297 840 958.081557 957.995430 648.500000 420.000000
170 PINHOLE 1297 840 963.175680 964.434034 648.500000 420.000000
171 PINHOLE 1297 840 959.086501 958.428431 648.500000 420.000000
172 PINHOLE 1297 840 962.341943 963.383885 648.500000 420.000000
173 PINHOLE 1297 840 961.730894 962.492061 648.500000 420.000000
174 PINHOLE 1297 840 957.286310 956.897274 648.500000 420.000000
175 PINHOLE 1297 840 962.991186 965.323460 648.500000 420.000000
176 PINHOLE 1297 840 960.978303 961.686634 648.500000 420.000000
177 PINHOLE 1297 840 959.446332 959.415969 648.500000 420.000000
178 PINHOLE 1297 840 957.067002 956.447004 648.500000 420.000000
179 PINHOLE 1297 840 958.039608 958.039919 648.500000 420.000000
180 PINHOLE 1297 840 962.202836 963.296427 648.500000 420.000000
181 PINHOLE 1297 840 961.554694 962.309450 648.500000 420.000000
182 PINHOLE 1297 840 961.312043 962.153018 648.500000 420.000000
183 PINHOLE 1297 840 961.254822 962.131199 648.500000 420.000000
184 PINHOLE 1297 840 960.393747 960.964825 648.500000 420.000000
185 PINHOLE 1297 840 961.810910 962.963800 648.500000 420.000000