1 -0.989144 0.146839 -0.002877 0.004893 -0.327574 -1.925821 3.955774 1 DSC07956.JPG

2 0.984896 -0.142372 -0.094820 -0.026816 -0.338432 -1.933658 3.835777 2 DSC07957.JPG

3 -0.973979 0.146594 0.164290 0.053707 -0.194657 -1.874911 3.782089 3 DSC07958.JPG

4 0.955351 -0.137881 -0.248739 -0.080133 -0.100712 -1.851403 3.628030 4 DSC07959.JPG

5 0.925940 -0.142497 -0.331224 -0.112338 -0.166266 -1.796345 3.611216 5 DSC07960.JPG

6 -0.894778 0.136901 0.404686 0.129847 0.104290 -1.745840 3.519689 6 DSC07961.JPG

7 0.847719 -0.131047 -0.488420 -0.160139 0.139965 -1.734488 3.561047 7 DSC07962.JPG

8 0.790463 -0.131705 -0.567505 -0.189105 0.237335 -1.669629 3.536915 8 DSC07963.JPG

9 -0.734069 0.118520 0.632930 0.215628 0.322324 -1.731480 3.499568 9 DSC07964.JPG

10 -0.672783 0.108991 0.694074 0.231831 0.411865 -1.687640 3.541584 10 DSC07965.JPG

11 0.617377 -0.103400 -0.740122 -0.245709 0.481209 -1.649838 3.520644 11 DSC07966.JPG

12 -0.524212 0.089253 0.800545 0.276340 0.319014 -1.710592 3.698085 12 DSC07967.JPG

13 0.441134 -0.076806 -0.845294 -0.291513 0.302278 -1.725178 3.828673 13 DSC07968.JPG

14 0.365460 -0.058036 -0.875239 -0.311493 0.339631 -1.803153 3.692103 14 DSC07969.JPG

15 0.267202 -0.039843 -0.903603 -0.332441 0.302515 -1.867580 3.563016 15 DSC07970.JPG

16 0.185323 -0.038074 -0.927875 -0.321333 0.264849 -1.690286 3.621292 16 DSC07971.JPG

17 -0.119598 0.020558 0.935230 0.332595 0.480452 -1.753109 3.659366 17 DSC07972.JPG

18 -0.020976 0.005311 0.940402 0.339376 0.391434 -1.814048 3.794063 18 DSC07973.JPG

19 0.071205 -0.007709 0.939881 0.333908 0.295806 -1.782930 3.865181 19 DSC07974.JPG

20 0.160185 -0.022315 0.934740 0.316393 0.212761 -1.667933 3.888106 20 DSC07975.JPG

21 0.245503 -0.037367 0.911186 0.328743 0.235183 -1.790948 3.674901 21 DSC07976.JPG

22 -0.353784 0.046943 -0.878094 -0.318722 0.207986 -1.868049 3.805007 22 DSC07977.JPG

23 -0.460667 0.061010 -0.830986 -0.305820 -0.022309 -1.867634 3.683679 23 DSC07978.JPG

24 -0.550486 0.083367 -0.780896 -0.283225 0.035083 -1.822647 3.653641 24 DSC07979.JPG

25 -0.623810 0.079458 -0.722645 -0.286935 -0.069651 -1.919490 3.457430 25 DSC07980.JPG

26 0.694756 -0.085053 0.663148 0.265169 -0.051947 -1.897345 3.217774 26 DSC07981.JPG

27 -0.787094 0.088256 -0.565787 -0.229303 -0.281237 -1.916945 3.172278 27 DSC07982.JPG

28 0.849367 -0.117997 0.479845 0.185477 -0.336077 -1.790983 3.303977 28 DSC07983.JPG

29 -0.899867 0.138136 -0.385200 -0.150928 -0.389876 -1.768703 3.463948 29 DSC07984.JPG

30 -0.934246 0.150427 -0.301720 -0.116284 -0.410313 -1.716995 3.627872 30 DSC07985.JPG

31 0.956063 -0.161839 0.228888 0.085801 -0.429715 -1.682690 3.907218 31 DSC07986.JPG

32 -0.968296 0.180389 -0.161421 -0.061686 -0.380354 -1.575303 4.164944 32 DSC07987.JPG

33 -0.982811 0.176442 -0.047294 -0.026715 -0.442041 -1.630654 4.169075 33 DSC07988.JPG

34 -0.994878 0.097895 0.024074 0.007395 -0.262180 -1.828712 4.001122 34 DSC07989.JPG

35 -0.986573 0.093943 0.124323 0.048902 -0.374351 -1.841666 3.843237 35 DSC07990.JPG

36 -0.975398 0.100400 0.187015 0.059533 -0.255157 -1.751794 3.810244 36 DSC07991.JPG

37 -0.958144 0.101822 0.250637 0.093670 -0.153409 -1.661491 3.657079 37 DSC07992.JPG

38 0.937907 -0.090099 -0.313922 -0.116905 -0.070745 -1.686735 3.492093 38 DSC07993.JPG

39 0.908671 -0.094896 -0.379186 -0.146733 -0.032511 -1.613581 3.423458 39 DSC07994.JPG

40 -0.870390 0.093137 0.450106 0.176496 0.007537 -1.579527 3.373305 40 DSC07995.JPG

41 0.822788 -0.075861 -0.520521 -0.215230 0.052605 -1.654631 3.171400 41 DSC07996.JPG

42 -0.746488 0.066389 0.620553 0.230786 -0.174560 -1.579900 3.299199 42 DSC07997.JPG

43 -0.724670 0.066154 0.628863 0.273877 0.210634 -1.722288 3.155244 43 DSC07998.JPG

44 -0.667252 0.059782 0.681413 0.294750 0.255063 -1.714811 3.208179 44 DSC07999.JPG

45 -0.586054 0.041773 0.737656 0.332656 0.164612 -1.806366 3.123448 45 DSC08000.JPG

46 -0.527691 0.032609 0.775797 0.344410 0.233710 -1.786772 3.153789 46 DSC08001.JPG

47 -0.466183 0.023602 0.806719 0.362381 0.338160 -1.792746 3.086883 47 DSC08002.JPG

48 0.395235 -0.013828 -0.837374 -0.377362 0.442218 -1.792289 3.083735 48 DSC08003.JPG

49 0.325803 -0.019802 -0.859197 -0.394007 0.427484 -1.816324 3.103157 49 DSC08004.JPG

50 -0.251652 0.010448 0.881181 0.400104 0.489032 -1.810317 3.176881 50 DSC08005.JPG

51 -0.160711 0.011808 0.897716 0.410046 0.457817 -1.812553 3.210751 51 DSC08006.JPG

52 -0.081335 0.007567 0.903883 0.419908 0.459588 -1.876361 3.239955 52 DSC08007.JPG

53 -0.009297 0.001841 -0.906043 -0.423079 0.421824 -1.923480 3.356945 53 DSC08008.JPG

54 -0.096515 0.007679 -0.904671 -0.414967 0.361169 -1.915343 3.501130 54 DSC08009.JPG

55 0.171969 -0.011498 0.892412 0.417008 0.436382 -1.981673 3.565522 55 DSC08010.JPG

56 0.263238 -0.028297 0.874203 0.407030 0.321296 -1.925521 3.547942 56 DSC08011.JPG

57 -0.371899 0.041649 -0.841946 -0.388695 0.165643 -1.889579 3.553677 57 DSC08012.JPG

58 0.448626 -0.040218 0.808453 0.378842 0.174467 -1.955533 3.638509 58 DSC08013.JPG

59 -0.554146 0.038147 -0.753112 -0.352547 0.032584 -1.951845 3.485078 59 DSC08014.JPG

60 -0.642914 0.025044 -0.687046 -0.337641 -0.191282 -1.972408 3.355266 60 DSC08015.JPG

61 -0.700622 0.016767 -0.635004 -0.324989 -0.157530 -1.946823 3.014192 61 DSC08016.JPG

62 0.787869 -0.021701 0.542606 0.290464 -0.319484 -1.958022 2.898926 62 DSC08017.JPG

63 -0.860542 0.034406 -0.451605 -0.233101 -0.339512 -1.887694 2.957023 63 DSC08018.JPG

64 0.913885 -0.042995 0.362982 0.176664 -0.434820 -1.825297 3.018192 64 DSC08019.JPG

65 -0.948185 0.051571 -0.280634 -0.139751 -0.467725 -1.800352 3.042575 65 DSC08020.JPG

66 -0.969304 0.057539 -0.213334 -0.107835 -0.378780 -1.816743 3.220105 66 DSC08021.JPG

67 -0.988244 0.062689 -0.122399 -0.066798 -0.417123 -1.835745 3.293062 67 DSC08022.JPG

68 -0.995481 0.084930 -0.031724 -0.028254 -0.401590 -1.744261 3.615544 68 DSC08023.JPG

69 -0.995496 0.081860 0.047073 0.008363 -0.329572 -1.753532 3.617013 69 DSC08024.JPG

70 0.995267 -0.089514 -0.036212 -0.010939 -0.230965 -1.351724 3.854767 70 DSC08025.JPG

71 -0.986120 0.088601 0.131133 0.050218 -0.282521 -1.347063 3.699722 71 DSC08026.JPG

72 -0.970652 0.077596 0.210064 0.087671 -0.234182 -1.349234 3.524918 72 DSC08027.JPG

73 -0.950564 0.058567 0.282404 0.115090 -0.112433 -1.462749 3.375180 73 DSC08028.JPG

74 0.911822 -0.045252 -0.370510 -0.171041 -0.080990 -1.503049 3.203981 74 DSC08029.JPG

75 -0.862836 0.033842 0.455219 0.217129 0.032072 -1.549135 3.095294 75 DSC08030.JPG

76 -0.812587 0.029496 0.524857 0.251707 0.138016 -1.553527 3.057751 76 DSC08031.JPG

77 -0.754774 0.029130 0.587110 0.291153 0.240427 -1.605972 3.001068 77 DSC08032.JPG

78 -0.694988 0.027051 0.642025 0.322589 0.455082 -1.606118 3.003012 78 DSC08033.JPG

79 -0.615762 0.019873 0.702030 0.357204 0.374590 -1.655868 2.987900 79 DSC08034.JPG

80 -0.531844 0.010568 0.751877 0.389501 0.373896 -1.738935 3.041158 80 DSC08035.JPG

81 0.434639 -0.005536 -0.802429 -0.408860 0.308922 -1.698665 3.040264 81 DSC08036.JPG

82 -0.350621 0.009661 0.833454 0.426996 0.323990 -1.725461 3.078557 82 DSC08037.JPG

83 -0.257528 0.001259 0.858609 0.443248 0.493354 -1.748603 3.041052 83 DSC08038.JPG

84 -0.162994 0.001371 0.872955 0.459762 0.525298 -1.797125 3.064973 84 DSC08039.JPG

85 -0.064323 0.001970 0.885789 0.459605 0.663038 -1.821635 3.215173 85 DSC08040.JPG

86 -0.080958 -0.000882 -0.883607 -0.461176 0.483751 -1.879708 3.255445 86 DSC08041.JPG

87 -0.182740 0.001219 -0.872355 -0.453434 0.464480 -1.890406 3.378841 87 DSC08042.JPG

88 -0.302558 0.007585 -0.840429 -0.449534 0.318415 -1.942828 3.306105 88 DSC08043.JPG

89 0.401185 -0.008713 0.812356 0.423145 0.297145 -1.939532 3.437348 89 DSC08044.JPG

90 0.519209 -0.015605 0.762773 0.385169 0.096878 -1.868529 3.451077 90 DSC08045.JPG

91 -0.610735 0.002653 -0.699683 -0.370728 0.086055 -1.943298 3.289026 91 DSC08046.JPG

92 0.728120 0.010015 0.592509 0.344492 -0.146818 -1.868034 2.721256 92 DSC08047.JPG

93 -0.803956 0.001203 -0.516834 -0.294171 -0.213250 -1.845842 2.891221 93 DSC08048.JPG

94 0.864688 -0.011688 0.440249 0.241576 -0.245194 -1.849516 3.105867 94 DSC08049.JPG

95 -0.918408 0.022704 -0.345637 -0.191169 -0.453161 -1.803434 3.157279 95 DSC08050.JPG

96 0.950686 -0.024764 0.273341 0.144456 -0.468302 -1.740006 3.135923 96 DSC08051.JPG

97 -0.979062 0.016687 -0.173027 -0.105930 -0.362974 -1.782626 2.988662 97 DSC08052.JPG

98 0.995027 -0.016669 0.077268 0.060607 -0.331091 -1.799105 2.977361 98 DSC08053.JPG

99 -0.999266 0.034550 -0.009760 -0.013370 -0.212627 -1.735166 3.250654 99 DSC08054.JPG

100 0.999942 -0.001263 -0.009965 0.003739 -0.384679 -1.470018 3.450703 100 DSC08055.JPG

101 -0.990863 0.007739 0.122272 0.056401 -0.576711 -1.397120 3.356936 101 DSC08056.JPG

102 -0.979549 -0.001486 0.183939 0.081528 -0.259491 -1.415742 3.348584 102 DSC08057.JPG

103 0.956384 -0.004122 -0.264649 -0.123588 -0.118734 -1.338815 3.272846 103 DSC08058.JPG

104 0.915280 -0.007981 -0.366076 -0.167890 -0.146043 -1.335876 3.406000 104 DSC08059.JPG

105 -0.879147 0.003895 0.431342 0.202557 -0.006805 -1.301127 3.279091 105 DSC08060.JPG

106 -0.828274 0.005226 0.503525 0.245758 0.112057 -1.335110 3.321811 106 DSC08061.JPG

107 -0.764037 0.012022 0.577782 0.286828 0.207338 -1.364408 3.353988 107 DSC08062.JPG

108 0.699838 -0.001306 -0.637223 -0.322757 0.316687 -1.368949 3.295829 108 DSC08063.JPG

109 0.608178 -0.012413 -0.707699 -0.359343 0.275591 -1.388250 3.413602 109 DSC08064.JPG

110 -0.531903 -0.000065 0.749012 0.395044 0.372133 -1.477210 3.351387 110 DSC08065.JPG

111 -0.437136 -0.009679 0.794457 0.421494 0.424805 -1.544014 3.383250 111 DSC08066.JPG

112 0.340896 0.017160 -0.816093 -0.466355 0.486759 -1.686342 3.178966 112 DSC08067.JPG

113 0.246852 0.011349 -0.841460 -0.480501 0.507748 -1.789706 3.315903 113 DSC08068.JPG

114 -0.128225 -0.005482 0.862371 0.489740 0.458093 -1.809847 3.431409 114 DSC08069.JPG

115 0.002808 0.000717 -0.872179 -0.489178 0.366413 -1.834333 3.589688 115 DSC08070.JPG

116 -0.104566 -0.003592 -0.866585 -0.487938 0.329089 -1.940360 3.706743 116 DSC08071.JPG

117 0.208927 -0.007540 0.854633 0.475285 0.291043 -1.923040 3.863325 117 DSC08072.JPG

118 0.303351 0.010592 0.824464 0.477624 0.295962 -1.982035 3.545298 118 DSC08073.JPG

119 0.403685 0.014647 0.797568 0.448006 0.102557 -1.937453 3.613487 119 DSC08074.JPG

120 -0.481509 -0.000965 -0.770148 -0.418355 0.083469 -1.772020 3.698030 120 DSC08075.JPG

121 -0.598603 -0.006814 -0.696007 -0.396487 -0.158933 -1.794211 3.398605 121 DSC08076.JPG

122 -0.689768 -0.005494 -0.620702 -0.372719 -0.097385 -1.676503 3.299621 122 DSC08077.JPG

123 0.793864 0.015190 0.508942 0.332456 -0.311725 -1.638214 2.930447 123 DSC08078.JPG

124 0.875160 0.013155 0.400600 0.271001 -0.386445 -1.615863 2.958108 124 DSC08079.JPG

125 0.931170 0.025112 0.298379 0.207995 -0.410602 -1.569688 2.822372 125 DSC08080.JPG

126 -0.967077 -0.020959 -0.206610 -0.147091 -0.356047 -1.537295 2.897453 126 DSC08081.JPG

127 0.992527 0.011981 0.090034 0.081495 -0.341693 -1.585458 3.093988 127 DSC08082.JPG

128 -0.999761 -0.013965 0.001205 -0.016816 -0.298308 -1.574626 3.151505 128 DSC08083.JPG

129 0.995846 0.041301 -0.078625 -0.020087 -0.232276 -1.278560 3.202719 129 DSC08084.JPG

130 0.980077 0.050824 -0.169883 -0.089473 -0.320023 -1.321482 3.130301 130 DSC08085.JPG

131 0.956821 0.015675 -0.259899 -0.129231 -0.230461 -1.037651 3.176078 131 DSC08086.JPG

132 -0.923165 -0.038520 0.340122 0.174928 -0.164771 -1.198914 3.086014 132 DSC08087.JPG

133 0.883024 0.053050 -0.415108 -0.212461 -0.123808 -1.242276 2.942760 133 DSC08088.JPG

134 0.844440 0.042376 -0.470402 -0.252681 0.073089 -1.206410 2.915133 134 DSC08089.JPG

135 -0.775841 -0.034898 0.553054 0.301636 0.116261 -1.231295 2.923285 135 DSC08090.JPG

136 -0.709278 -0.041946 0.614346 0.343140 0.192364 -1.215124 2.891067 136 DSC08091.JPG

137 -0.655224 -0.037288 0.654227 0.375870 0.335722 -1.241214 2.940533 137 DSC08092.JPG

138 0.588231 0.038976 -0.705514 -0.393339 0.479283 -1.194064 2.996145 138 DSC08093.JPG

139 -0.490446 -0.042705 0.748314 0.444597 0.432925 -1.374485 3.017698 139 DSC08094.JPG

140 0.397747 0.035630 -0.783258 -0.476482 0.471038 -1.447166 3.054063 140 DSC08095.JPG

141 0.298941 0.036754 -0.813691 -0.497183 0.486296 -1.439123 3.058280 141 DSC08096.JPG

142 0.198057 0.031900 -0.823067 -0.531335 0.525680 -1.652590 3.014075 142 DSC08097.JPG

143 -0.076754 -0.015952 0.822422 0.563450 0.395709 -1.777756 2.895126 143 DSC08098.JPG

144 -0.025656 0.005722 -0.822477 -0.568191 0.475535 -1.905698 3.043495 144 DSC08099.JPG

145 -0.169626 0.012390 -0.818571 -0.548648 0.068956 -1.892049 3.240372 145 DSC08100.JPG

146 -0.268778 0.004468 -0.790111 -0.550875 0.171771 -1.889273 3.095962 146 DSC08101.JPG

147 -0.371576 -0.013078 -0.783455 -0.497955 0.054521 -1.697820 3.377720 147 DSC08102.JPG

148 -0.452153 -0.005162 -0.752483 -0.478853 0.016252 -1.641041 3.355058 148 DSC08103.JPG

149 0.547888 0.021348 0.705949 0.448328 -0.127576 -1.693223 3.347105 149 DSC08104.JPG

150 -0.634778 -0.055452 -0.629407 -0.444778 -0.342598 -1.864367 3.095340 150 DSC08105.JPG

151 -0.693595 -0.066333 -0.573698 -0.430577 -0.283576 -1.802836 2.857090 151 DSC08106.JPG

152 0.760602 0.069386 0.520990 0.381104 -0.276996 -1.636702 2.844080 152 DSC08107.JPG

153 0.843308 0.076231 0.431244 0.311527 -0.424253 -1.580339 2.804427 153 DSC08108.JPG

154 -0.908800 -0.061283 -0.330839 -0.246723 -0.506353 -1.546717 2.875447 154 DSC08109.JPG

155 -0.947091 -0.072902 -0.234883 -0.206237 -0.518591 -1.601646 2.812212 155 DSC08110.JPG

156 0.969943 0.077359 0.178575 0.146076 -0.379576 -1.554160 2.814470 156 DSC08111.JPG

157 -0.993707 -0.065230 -0.054798 -0.072721 -0.578389 -1.496491 2.861556 157 DSC08112.JPG

158 -0.997790 -0.063010 0.011642 -0.017572 -0.385746 -1.481406 2.937122 158 DSC08113.JPG

159 -0.998271 -0.046117 0.036251 0.003760 -0.257377 -1.200924 3.731600 159 DSC08114.JPG

160 0.986931 0.055363 -0.132609 -0.072918 -0.174522 -1.160783 3.753644 160 DSC08115.JPG

161 -0.960478 -0.053438 0.233019 0.142580 -0.268566 -1.170811 3.577397 161 DSC08116.JPG

162 -0.926049 -0.047234 0.324823 0.186259 -0.245552 -1.142317 3.678906 162 DSC08117.JPG

163 0.891765 0.051685 -0.389065 -0.225195 0.118659 -1.065902 3.454166 163 DSC08118.JPG

164 0.841451 0.062987 -0.458079 -0.279566 0.101353 -1.252993 3.379623 164 DSC08119.JPG

165 -0.761866 -0.038506 0.555034 0.331686 0.097618 -1.228715 3.519228 165 DSC08120.JPG

166 -0.695236 -0.024366 0.621043 0.361052 0.272444 -1.236904 3.729740 166 DSC08121.JPG

167 0.617700 0.033378 -0.678072 -0.396926 0.277109 -1.107686 3.575040 167 DSC08122.JPG

168 -0.522500 -0.032842 0.720879 0.454145 0.330182 -1.150048 3.237714 168 DSC08123.JPG

169 -0.411436 -0.045433 0.762457 0.497308 0.448184 -1.287790 3.369726 169 DSC08124.JPG

170 -0.302884 -0.021785 0.809688 0.502187 0.261486 -1.239805 3.519355 170 DSC08125.JPG

171 0.215710 0.019516 -0.815807 -0.536234 0.516007 -1.444961 3.436142 171 DSC08126.JPG

172 0.055849 0.004667 -0.824403 -0.563222 0.386622 -1.652632 3.509113 172 DSC08127.JPG

173 0.078904 -0.003611 0.820096 0.566749 0.374298 -1.588371 3.519281 173 DSC08128.JPG

174 0.228199 0.029727 0.811179 0.537616 0.316782 -1.634758 3.683260 174 DSC08129.JPG

175 0.352186 0.032321 0.768306 0.533504 0.182869 -1.640369 3.476680 175 DSC08130.JPG

176 0.478907 0.037057 0.735547 0.477751 -0.013362 -1.618539 3.657407 176 DSC08131.JPG

177 0.573688 0.037163 0.679557 0.455745 -0.204987 -1.582194 3.678474 177 DSC08132.JPG

178 0.648819 0.078231 0.608490 0.450172 -0.219447 -1.545125 3.110254 178 DSC08133.JPG

179 -0.740533 -0.098153 -0.514777 -0.420691 -0.347911 -1.595520 2.906657 179 DSC08134.JPG

180 -0.852830 -0.063631 -0.403706 -0.325044 -0.416239 -1.394476 3.342723 180 DSC08135.JPG

181 0.906157 0.085284 0.315844 0.268045 -0.227659 -1.554693 3.236782 181 DSC08136.JPG

182 -0.967399 -0.064998 -0.194364 -0.148787 -0.482846 -1.381288 3.649811 182 DSC08137.JPG

183 -0.992881 -0.038836 -0.074311 -0.084606 -0.579620 -1.400531 3.726028 183 DSC08138.JPG

184 0.994258 0.053149 0.067274 0.064040 -0.365043 -1.437810 3.581430 184 DSC08139.JPG

185 0.999835 0.011008 -0.012433 0.007311 -0.340009 -1.158073 3.960900 185 DSC08140.JPG

