1 PINHOLE 1264 832 1051.196999 1051.106685 632.000000 416.000000
2 PINHOLE 1264 832 1041.325720 1040.350861 632.000000 416.000000
3 PINHOLE 1264 832 1049.404539 1048.971886 632.000000 416.000000
4 PINHOLE 1264 832 1043.754407 1043.019307 632.000000 416.000000
5 PINHOLE 1264 832 1041.960338 1041.763971 632.000000 416.000000
6 PINHOLE 1264 832 1051.390699 1051.383954 632.000000 416.000000
7 PINHOLE 1264 832 1045.766297 1045.667467 632.000000 416.000000
8 PINHOLE 1264 832 1048.882765 1048.312312 632.000000 416.000000
9 PINHOLE 1264 832 1053.678472 1055.375570 632.000000 416.000000
10 PINHOLE 1264 832 1045.120547 1046.579815 632.000000 416.000000
11 PINHOLE 1264 832 1048.895494 1047.975143 632.000000 416.000000
12 PINHOLE 1264 832 1051.754542 1051.723204 632.000000 416.000000
13 PINHOLE 1264 832 1044.335681 1044.577594 632.000000 416.000000
14 PINHOLE 1264 832 1043.355880 1044.663911 632.000000 416.000000
15 PINHOLE 1264 832 1041.229310 1041.472506 632.000000 416.000000
16 PINHOLE 1264 832 1042.526413 1042.373761 632.000000 416.000000
17 PINHOLE 1264 832 1048.037249 1048.951634 632.000000 416.000000
18 PINHOLE 1264 832 1042.911293 1042.793694 632.000000 416.000000
19 PINHOLE 1264 832 1040.174687 1040.794769 632.000000 416.000000
20 PINHOLE 1264 832 1040.111400 1039.881217 632.000000 416.000000
21 PINHOLE 1264 832 1043.651490 1044.580764 632.000000 416.000000
22 PINHOLE 1264 832 1037.805079 1038.345924 632.000000 416.000000
23 PINHOLE 1264 832 1040.409021 1040.570615 632.000000 416.000000
24 PINHOLE 1264 832 1040.507277 1042.273696 632.000000 416.000000
25 PINHOLE 1264 832 1034.099920 1034.862132 632.000000 416.000000
26 PINHOLE 1264 832 1038.172229 1037.972699 632.000000 416.000000
27 PINHOLE 1264 832 1040.488128 1039.918423 632.000000 416.000000
28 PINHOLE 1264 832 1038.755935 1038.580910 632.000000 416.000000
29 PINHOLE 1264 832 1042.227346 1041.941226 632.000000 416.000000
30 PINHOLE 1264 832 1033.411656 1034.118885 632.000000 416.000000
31 PINHOLE 1264 832 1039.641189 1040.362373 632.000000 416.000000
32 PINHOLE 1264 832 1037.937515 1035.723025 632.000000 416.000000
33 PINHOLE 1264 832 1034.347365 1033.251398 632.000000 416.000000
34 PINHOLE 1264 832 1041.030094 1041.272330 632.000000 416.000000
35 PINHOLE 1264 832 1041.141306 1041.737468 632.000000 416.000000
36 PINHOLE 1264 832 1034.745038 1034.477880 632.000000 416.000000
37 PINHOLE 1264 832 1040.110143 1039.581409 632.000000 416.000000
38 PINHOLE 1264 832 1038.044763 1038.404550 632.000000 416.000000
39 PINHOLE 1264 832 1039.947552 1039.956260 632.000000 416.000000
40 PINHOLE 1264 832 1035.517593 1036.018954 632.000000 416.000000
41 PINHOLE 1264 832 1029.825257 1029.148563 632.000000 416.000000
42 PINHOLE 1264 832 1037.996151 1037.397768 632.000000 416.000000
43 PINHOLE 1264 832 1040.558297 1040.400867 632.000000 416.000000
44 PINHOLE 1264 832 1035.487890 1036.819361 632.000000 416.000000
45 PINHOLE 1264 832 1037.380363 1036.169161 632.000000 416.000000
46 PINHOLE 1264 832 1040.748992 1040.313808 632.000000 416.000000
47 PINHOLE 1264 832 1038.788006 1039.532817 632.000000 416.000000
48 PINHOLE 1264 832 1044.296193 1044.251005 632.000000 416.000000
49 PINHOLE 1264 832 1036.063007 1037.266580 632.000000 416.000000
50 PINHOLE 1264 832 1039.183287 1040.036077 632.000000 416.000000
51 PINHOLE 1264 832 1042.503706 1042.157771 632.000000 416.000000
52 PINHOLE 1264 832 1040.388896 1040.077067 632.000000 416.000000
53 PINHOLE 1264 832 1045.995857 1044.431255 632.000000 416.000000
54 PINHOLE 1264 832 1038.864841 1038.268751 632.000000 416.000000
55 PINHOLE 1264 832 1040.983236 1040.726911 632.000000 416.000000
56 PINHOLE 1264 832 1040.075219 1041.523327 632.000000 416.000000
57 PINHOLE 1264 832 1036.067869 1038.349151 632.000000 416.000000
58 PINHOLE 1264 832 1036.230270 1037.204307 632.000000 416.000000
59 PINHOLE 1264 832 1033.063556 1033.237444 632.000000 416.000000
60 PINHOLE 1264 832 1037.117949 1037.729265 632.000000 416.000000
61 PINHOLE 1264 832 1039.636861 1042.375566 632.000000 416.000000
62 PINHOLE 1264 832 1041.615589 1039.959316 632.000000 416.000000
63 PINHOLE 1264 832 1038.537059 1037.683509 632.000000 416.000000
64 PINHOLE 1264 832 1038.814360 1037.752099 632.000000 416.000000
65 PINHOLE 1264 832 1040.133333 1041.792007 632.000000 416.000000
66 PINHOLE 1264 832 1041.719752 1043.403079 632.000000 416.000000
67 PINHOLE 1264 832 1036.412720 1036.739612 632.000000 416.000000
68 PINHOLE 1264 832 1042.126191 1042.935664 632.000000 416.000000
69 PINHOLE 1264 832 1041.633509 1042.957793 632.000000 416.000000
70 PINHOLE 1264 832 1041.254355 1042.462923 632.000000 416.000000
71 PINHOLE 1264 832 1045.517527 1045.763558 632.000000 416.000000
72 PINHOLE 1264 832 1042.011883 1042.520867 632.000000 416.000000
73 PINHOLE 1264 832 1042.541132 1042.498032 632.000000 416.000000
74 PINHOLE 1264 832 1034.760705 1039.196467 632.000000 416.000000
75 PINHOLE 1264 832 1041.943531 1041.892263 632.000000 416.000000
76 PINHOLE 1264 832 1038.221828 1038.617408 632.000000 416.000000
77 PINHOLE 1264 832 1030.851935 1032.076824 632.000000 416.000000
78 PINHOLE 1264 832 1034.315079 1035.532511 632.000000 416.000000
79 PINHOLE 1264 832 1036.832964 1037.851507 632.000000 416.000000
80 PINHOLE 1264 832 1040.642873 1039.759731 632.000000 416.000000
81 PINHOLE 1264 832 1030.898405 1032.443920 632.000000 416.000000
82 PINHOLE 1264 832 1035.030434 1035.247700 632.000000 416.000000
83 PINHOLE 1264 832 1036.225685 1038.354619 632.000000 416.000000
84 PINHOLE 1264 832 1043.298485 1043.288293 632.000000 416.000000
85 PINHOLE 1264 832 1038.200093 1038.354619 632.000000 416.000000
86 PINHOLE 1264 832 1037.080946 1036.983899 632.000000 416.000000
87 PINHOLE 1264 832 1036.498473 1037.175857 632.000000 416.000000
88 PINHOLE 1264 832 1037.833207 1037.442249 632.000000 416.000000
89 PINHOLE 1264 832 1046.134896 1045.496282 632.000000 416.000000
90 PINHOLE 1264 832 1039.483730 1039.424511 632.000000 416.000000
91 PINHOLE 1264 832 1042.184893 1042.912000 632.000000 416.000000
92 PINHOLE 1264 832 1037.963838 1037.990706 632.000000 416.000000
93 PINHOLE 1264 832 1044.186454 1046.248512 632.000000 416.000000
94 PINHOLE 1264 832 1042.463058 1043.386267 632.000000 416.000000
95 PINHOLE 1264 832 1038.574416 1039.775724 632.000000 416.000000
96 PINHOLE 1264 832 1042.115124 1042.702407 632.000000 416.000000
97 PINHOLE 1264 832 1037.450505 1038.319123 632.000000 416.000000
98 PINHOLE 1264 832 1041.392613 1042.262147 632.000000 416.000000
99 PINHOLE 1264 832 1043.084241 1043.703526 632.000000 416.000000
100 PINHOLE 1264 832 1040.632528 1040.354548 632.000000 416.000000
101 PINHOLE 1264 832 1041.499543 1041.535221 632.000000 416.000000
102 PINHOLE 1264 832 1048.495360 1048.143841 632.000000 416.000000
103 PINHOLE 1264 832 1049.286088 1047.890539 632.000000 416.000000
104 PINHOLE 1264 832 1037.934590 1040.820960 632.000000 416.000000
105 PINHOLE 1264 832 1045.872195 1044.837125 632.000000 416.000000
106 PINHOLE 1264 832 1046.913141 1045.576471 632.000000 416.000000
107 PINHOLE 1264 832 1041.939329 1041.922830 632.000000 416.000000
108 PINHOLE 1264 832 1039.724958 1040.722501 632.000000 416.000000
109 PINHOLE 1264 832 1036.221656 1035.725970 632.000000 416.000000
110 PINHOLE 1264 832 1034.483871 1033.424831 632.000000 416.000000
111 PINHOLE 1264 832 1047.865639 1049.998138 632.000000 416.000000
112 PINHOLE 1264 832 1043.072317 1042.211175 632.000000 416.000000
113 PINHOLE 1264 832 1046.378526 1045.899419 632.000000 416.000000
114 PINHOLE 1264 832 1041.574292 1040.954814 632.000000 416.000000
115 PINHOLE 1264 832 1039.636024 1040.414179 632.000000 416.000000
116 PINHOLE 1264 832 1038.919370 1037.975208 632.000000 416.000000
117 PINHOLE 1264 832 1035.662514 1035.038170 632.000000 416.000000
118 PINHOLE 1264 832 1034.472368 1033.697749 632.000000 416.000000
119 PINHOLE 1264 832 1034.742126 1034.518940 632.000000 416.000000
120 PINHOLE 1264 832 1040.816950 1042.234360 632.000000 416.000000
121 PINHOLE 1264 832 1036.563245 1044.009007 632.000000 416.000000
122 PINHOLE 1264 832 1039.533840 1039.764762 632.000000 416.000000
123 PINHOLE 1264 832 1037.492399 1038.124919 632.000000 416.000000
124 PINHOLE 1264 832 1037.007224 1036.570047 632.000000 416.000000
125 PINHOLE 1264 832 1037.927627 1037.754607 632.000000 416.000000
126 PINHOLE 1264 832 1033.866409 1036.386680 632.000000 416.000000
127 PINHOLE 1264 832 1040.300578 1039.462856 632.000000 416.000000
128 PINHOLE 1264 832 1033.255848 1035.058228 632.000000 416.000000
129 PINHOLE 1264 832 1036.658052 1037.501593 632.000000 416.000000
130 PINHOLE 1264 832 1038.361588 1037.501324 632.000000 416.000000
131 PINHOLE 1264 832 1038.922717 1039.290547 632.000000 416.000000
132 PINHOLE 1264 832 1039.946714 1041.104006 632.000000 416.000000
133 PINHOLE 1264 832 1040.218278 1041.750719 632.000000 416.000000
134 PINHOLE 1264 832 1037.547658 1040.493786 632.000000 416.000000
135 PINHOLE 1264 832 1038.408553 1038.698841 632.000000 416.000000
136 PINHOLE 1264 832 1043.395456 1042.925367 632.000000 416.000000
137 PINHOLE 1264 832 1042.738667 1043.383555 632.000000 416.000000
138 PINHOLE 1264 832 1041.199508 1041.653641 632.000000 416.000000
139 PINHOLE 1264 832 1041.353848 1042.519423 632.000000 416.000000
140 PINHOLE 1264 832 1041.224133 1041.008382 632.000000 416.000000
141 PINHOLE 1264 832 1036.196647 1038.150725 632.000000 416.000000
142 PINHOLE 1264 832 1030.303343 1032.253112 632.000000 416.000000
143 PINHOLE 1264 832 1038.146316 1040.127591 632.000000 416.000000
144 PINHOLE 1264 832 1034.496761 1034.476633 632.000000 416.000000
145 PINHOLE 1264 832 1033.335408 1033.160657 632.000000 416.000000
146 PINHOLE 1264 832 1037.161910 1039.447410 632.000000 416.000000
147 PINHOLE 1264 832 1034.143002 1034.027657 632.000000 416.000000
148 PINHOLE 1264 832 1044.041051 1044.446648 632.000000 416.000000
149 PINHOLE 1264 832 1041.621049 1043.331403 632.000000 416.000000
150 PINHOLE 1264 832 1038.839740 1039.410682 632.000000 416.000000
151 PINHOLE 1264 832 1037.818725 1039.372969 632.000000 416.000000
152 PINHOLE 1264 832 1039.718396 1041.092660 632.000000 416.000000
153 PINHOLE 1264 832 1038.012309 1042.409948 632.000000 416.000000
154 PINHOLE 1264 832 1044.238862 1043.101608 632.000000 416.000000
155 PINHOLE 1264 832 1041.815809 1041.031701 632.000000 416.000000
156 PINHOLE 1264 832 1040.115731 1041.008112 632.000000 416.000000
157 PINHOLE 1264 832 1037.562830 1038.606557 632.000000 416.000000
158 PINHOLE 1264 832 1029.138512 1027.645535 632.000000 416.000000
159 PINHOLE 1264 832 1034.005177 1034.595188 632.000000 416.000000
160 PINHOLE 1264 832 1041.446076 1041.210722 632.000000 416.000000
161 PINHOLE 1264 832 1040.048538 1040.756699 632.000000 416.000000
162 PINHOLE 1264 832 1037.845740 1039.866390 632.000000 416.000000
163 PINHOLE 1264 832 1038.887154 1040.211386 632.000000 416.000000
164 PINHOLE 1264 832 1036.956040 1039.950508 632.000000 416.000000
165 PINHOLE 1264 832 1041.644288 1041.701773 632.000000 416.000000
166 PINHOLE 1264 832 1041.596270 1042.802815 632.000000 416.000000
167 PINHOLE 1264 832 1040.807441 1040.243666 632.000000 416.000000
168 PINHOLE 1264 832 1038.657921 1038.905791 632.000000 416.000000
169 PINHOLE 1264 832 1036.741332 1037.490135 632.000000 416.000000
170 PINHOLE 1264 832 1036.645958 1037.625132 632.000000 416.000000
171 PINHOLE 1264 832 1033.047234 1037.371546 632.000000 416.000000
172 PINHOLE 1264 832 1032.362200 1035.439373 632.000000 416.000000
173 PINHOLE 1264 832 1031.870573 1032.235011 632.000000 416.000000
174 PINHOLE 1264 832 1033.321986 1034.623338 632.000000 416.000000
175 PINHOLE 1264 832 1036.756626 1038.356233 632.000000 416.000000
176 PINHOLE 1264 832 1037.122679 1037.859568 632.000000 416.000000
177 PINHOLE 1264 832 1033.314237 1034.913200 632.000000 416.000000
178 PINHOLE 1264 832 1038.022895 1038.983136 632.000000 416.000000
179 PINHOLE 1264 832 1037.531790 1038.263015 632.000000 416.000000
180 PINHOLE 1264 832 1042.799523 1042.650585 632.000000 416.000000
181 PINHOLE 1264 832 1038.592120 1038.764767 632.000000 416.000000
182 PINHOLE 1264 832 1038.954376 1038.841106 632.000000 416.000000
183 PINHOLE 1264 832 1034.407369 1034.460157 632.000000 416.000000
184 PINHOLE 1264 832 1043.082698 1042.545509 632.000000 416.000000
185 PINHOLE 1264 832 1034.220168 1034.419101 632.000000 416.000000
186 PINHOLE 1264 832 1035.477342 1036.550474 632.000000 416.000000
187 PINHOLE 1264 832 1036.759685 1038.481113 632.000000 416.000000
188 PINHOLE 1264 832 1036.673901 1037.466416 632.000000 416.000000
189 PINHOLE 1264 832 1033.449299 1035.206323 632.000000 416.000000
190 PINHOLE 1264 832 1036.491523 1036.181397 632.000000 416.000000
191 PINHOLE 1264 832 1037.127687 1039.240722 632.000000 416.000000
192 PINHOLE 1264 832 1041.322641 1041.197573 632.000000 416.000000
193 PINHOLE 1264 832 1035.975779 1035.571947 632.000000 416.000000
194 PINHOLE 1264 832 1037.003329 1038.302900 632.000000 416.000000
195 PINHOLE 1264 832 1040.892885 1040.087316 632.000000 416.000000
196 PINHOLE 1264 832 1036.939768 1038.353812 632.000000 416.000000
197 PINHOLE 1264 832 1042.973286 1044.801156 632.000000 416.000000
198 PINHOLE 1264 832 1039.647890 1039.000275 632.000000 416.000000
199 PINHOLE 1264 832 1040.135568 1040.918354 632.000000 416.000000
200 PINHOLE 1264 832 1043.247970 1044.592085 632.000000 416.000000
201 PINHOLE 1264 832 1036.705461 1038.838684 632.000000 416.000000
202 PINHOLE 1264 832 1036.429258 1037.819623 632.000000 416.000000
203 PINHOLE 1264 832 1037.492260 1037.391593 632.000000 416.000000
204 PINHOLE 1264 832 1039.466563 1040.750309 632.000000 416.000000
205 PINHOLE 1264 832 1038.302643 1037.054020 632.000000 416.000000
206 PINHOLE 1264 832 1035.856484 1036.414200 632.000000 416.000000
207 PINHOLE 1264 832 1042.160655 1041.589111 632.000000 416.000000
208 PINHOLE 1264 832 1039.707366 1039.407450 632.000000 416.000000
209 PINHOLE 1264 832 1037.803269 1038.513032 632.000000 416.000000
210 PINHOLE 1264 832 1037.558515 1037.712609 632.000000 416.000000
211 PINHOLE 1264 832 1043.694031 1044.428176 632.000000 416.000000
212 PINHOLE 1264 832 1034.910604 1035.937615 632.000000 416.000000
213 PINHOLE 1264 832 1030.473940 1029.228369 632.000000 416.000000
214 PINHOLE 1264 832 1040.409301 1041.917240 632.000000 416.000000
215 PINHOLE 1264 832 1036.951590 1037.259422 632.000000 416.000000
216 PINHOLE 1264 832 1040.840303 1040.933478 632.000000 416.000000
217 PINHOLE 1264 832 1039.529094 1040.478044 632.000000 416.000000
218 PINHOLE 1264 832 1040.435436 1042.780240 632.000000 416.000000
219 PINHOLE 1264 832 1041.779401 1043.066554 632.000000 416.000000
220 PINHOLE 1264 832 1040.623721 1040.360844 632.000000 416.000000
221 PINHOLE 1264 832 1040.278919 1039.166935 632.000000 416.000000
222 PINHOLE 1264 832 1040.619387 1038.673100 632.000000 416.000000
223 PINHOLE 1264 832 1040.133473 1038.957652 632.000000 416.000000
224 PINHOLE 1264 832 1039.951044 1037.866554 632.000000 416.000000
225 PINHOLE 1264 832 1043.832342 1043.513910 632.000000 416.000000