1 0.966791 -0.253551 0.029136 0.013341 -2.953765 1.544438 3.474344 1 DSC05572.jpg

2 0.989248 -0.145892 -0.001775 -0.010063 -3.370731 -0.318337 3.188428 2 DSC05573.jpg

3 -0.993128 -0.115940 0.007962 0.013860 -3.299396 -2.513892 2.372448 3 DSC05574.jpg

4 -0.960616 0.277034 0.021465 0.002928 -1.390564 1.542374 2.266017 4 DSC05575.jpg

5 -0.984818 0.172476 0.010724 0.016465 -1.292578 -0.189919 2.424235 5 DSC05576.jpg

6 0.995185 0.089595 -0.039674 -0.002349 -1.434740 -1.856963 1.772258 6 DSC05577.jpg

7 -0.970219 0.240936 0.024611 0.004512 1.240913 1.347906 2.263584 7 DSC05578.jpg

8 0.986884 -0.161071 -0.007850 -0.007341 1.292989 -0.446593 2.180777 8 DSC05579.jpg

9 0.992990 0.116630 -0.019037 0.002319 1.275244 -1.698648 1.575551 9 DSC05580.jpg

10 -0.959376 0.270633 0.075081 0.026788 4.189238 1.773939 3.913021 10 DSC05581.jpg

11 -0.994887 0.093589 0.021164 0.031504 4.549202 -0.810781 3.334888 11 DSC05582.jpg

12 -0.976175 -0.178907 0.110727 0.053044 3.043909 -2.889285 2.897749 12 DSC05583.jpg

13 0.738091 0.026879 0.003884 0.674155 2.677674 5.116596 5.051576 13 DSC05584.jpg

14 -0.687812 0.264002 0.161580 -0.656589 -1.166744 6.258780 4.428453 14 DSC05585.jpg

15 0.889985 -0.237197 -0.385562 -0.054830 0.902715 2.088825 6.840254 15 DSC05586.jpg

16 -0.900064 0.099770 0.403639 0.130411 0.366265 -1.027816 6.576691 16 DSC05587.jpg

17 -0.902319 -0.073809 0.386128 0.176858 -0.174526 -3.418954 5.509470 17 DSC05588.jpg

18 -0.687235 0.160349 0.699275 0.114063 -3.475034 1.246683 3.319408 18 DSC05589.jpg

19 -0.690177 0.083709 0.678031 0.238583 -3.590095 -0.568408 3.103103 19 DSC05590.jpg

20 0.672585 0.142618 -0.580315 -0.436491 -3.675486 -2.496792 1.817452 20 DSC05591.jpg

21 -0.676939 0.197314 0.704236 0.082898 -0.895187 1.864509 2.951842 21 DSC05592.jpg

22 0.696737 -0.121082 -0.681703 -0.187557 -0.854124 0.340490 3.068784 22 DSC05593.jpg

23 -0.693681 0.021983 0.666336 0.272617 -1.005563 -1.504332 2.742643 23 DSC05594.jpg

24 -0.689833 -0.112913 0.596653 0.394190 -0.954684 -2.511885 1.930256 24 DSC05595.jpg

25 -0.642995 0.205984 0.731373 0.096027 1.868480 1.986270 3.173898 25 DSC05596.jpg

26 -0.664784 0.124516 0.713456 0.183133 1.910095 0.180680 3.220693 26 DSC05597.jpg

27 -0.675424 0.042440 0.679895 0.282391 1.906494 -1.566342 2.917030 27 DSC05598.jpg

28 0.654223 0.158252 -0.592681 -0.442354 1.866683 -2.946622 1.705735 28 DSC05599.jpg

29 0.330590 -0.121311 -0.933321 -0.070034 0.039081 2.331596 3.526855 29 DSC05600.jpg

30 0.351976 -0.077492 -0.903849 -0.230574 0.144703 0.455670 3.866549 30 DSC05601.jpg

31 0.363457 0.006947 -0.810270 -0.459688 0.169264 -1.939903 3.230528 31 DSC05602.jpg

32 -0.046528 -0.001860 -0.990745 -0.127499 -3.362805 1.825409 2.522557 32 DSC05603.jpg

33 -0.050692 -0.022133 -0.976843 -0.206685 -3.351843 0.893649 2.581334 33 DSC05604.jpg

34 0.048986 0.022732 0.947856 0.314090 -3.336177 -0.809307 2.545506 34 DSC05605.jpg

35 0.026001 0.034414 0.825880 0.562194 -3.269885 -2.168660 1.750882 35 DSC05606.jpg

36 0.029279 0.000544 0.992792 0.116221 -0.867806 1.831262 1.945001 36 DSC05607.jpg

37 -0.047004 -0.013900 -0.973143 -0.224922 -0.952179 0.677952 2.175457 37 DSC05608.jpg

38 0.041233 0.018680 0.905183 0.422605 -0.968433 -0.883767 1.846678 38 DSC05609.jpg

39 -0.055568 -0.009192 -0.755420 -0.652816 -1.029443 -2.209471 0.745054 39 DSC05610.jpg

40 0.031861 -0.008694 0.994361 0.100781 1.633085 1.764570 2.024203 40 DSC05611.jpg

41 -0.045209 -0.027272 -0.975326 -0.214363 1.586203 0.363530 2.087352 41 DSC05612.jpg

42 0.034359 0.023076 0.942437 0.331811 1.566620 -0.999666 1.761744 42 DSC05613.jpg

43 0.020777 0.022825 0.800778 0.598165 1.642838 -2.000612 0.730588 43 DSC05614.jpg

44 -0.328410 0.074825 -0.935955 -0.102647 0.275840 2.451281 4.508846 44 DSC05615.jpg

45 0.353494 -0.040637 0.913479 0.197351 0.063858 0.826968 4.626709 45 DSC05616.jpg

46 -0.313905 0.024504 -0.904340 -0.288154 0.514789 -1.244639 4.617646 46 DSC05617.jpg

47 -0.283622 -0.124343 -0.711658 -0.630587 0.658646 -3.968457 2.112646 47 DSC05618.jpg

48 -0.002913 -0.032756 -0.814548 -0.579163 3.547729 -2.429204 2.328158 48 DSC05619.jpg

49 0.392387 0.569387 -0.660238 -0.293117 1.723096 3.888284 2.213964 49 DSC05620.jpg

50 -0.670525 0.199007 -0.706301 -0.109233 -3.609958 1.912700 3.582573 50 DSC05621.jpg

51 -0.711349 0.078302 -0.676312 -0.174510 -3.735251 0.165677 3.433869 51 DSC05622.jpg

52 -0.717984 -0.111248 -0.606709 -0.322532 -3.869867 -2.251059 2.540088 52 DSC05623.jpg

53 0.632050 0.335354 0.531888 0.452929 -4.021761 -2.935383 1.602658 53 DSC05624.jpg

54 -0.712549 0.229130 -0.660260 -0.061891 -1.393813 2.006953 1.971670 54 DSC05625.jpg

55 -0.741702 0.070846 -0.641270 -0.183391 -1.339267 0.273265 2.232708 55 DSC05626.jpg

56 0.721464 0.053495 0.615901 0.311922 -1.129885 -1.322983 1.788085 56 DSC05627.jpg

57 -0.686254 -0.236073 -0.507923 -0.464047 -1.101384 -2.241570 0.685354 57 DSC05628.jpg

58 -0.691601 0.226250 -0.682649 -0.066999 1.749200 1.944707 1.458193 58 DSC05629.jpg

59 -0.718912 0.139064 -0.668463 -0.130321 1.733712 0.876838 1.692727 59 DSC05630.jpg

60 -0.725753 0.004312 -0.644284 -0.241170 1.745336 -0.363493 1.498022 60 DSC05631.jpg

61 0.699629 0.136678 0.581416 0.392165 1.834289 -1.454873 0.871388 61 DSC05632.jpg

62 -0.886747 0.257523 -0.378345 -0.064927 0.199945 2.177556 4.631688 62 DSC05633.jpg

63 0.906964 -0.145964 0.384453 0.091139 0.388677 0.495985 4.800437 63 DSC05634.jpg

64 -0.914376 0.116979 -0.374319 -0.100585 0.279459 -0.672538 4.615636 64 DSC05635.jpg

65 0.909552 0.177043 0.312073 0.209716 0.152357 -3.739073 3.027316 65 DSC05636.jpg

66 0.203433 -0.329412 0.577401 0.718825 2.359145 3.542931 1.905775 66 DSC05637.jpg

67 0.765022 0.249995 -0.008491 0.593441 1.423342 -3.446764 1.767814 67 DSC05638.jpg

68 -0.764515 -0.473555 0.418139 -0.128149 1.794223 -4.004642 3.384519 68 DSC05639.jpg

69 0.554302 -0.123721 0.324016 0.756608 0.355526 4.912586 0.245076 69 DSC05640.jpg

70 0.662266 -0.032243 0.134088 0.736468 1.043813 3.828367 2.257051 70 DSC05641.jpg

71 0.343312 0.596448 -0.672317 -0.272720 0.910271 -2.787770 3.141359 71 DSC05642.jpg

72 0.754525 0.466945 -0.367204 0.278954 1.095998 3.428559 2.833451 72 DSC05643.jpg

73 -0.451459 0.364857 -0.342280 -0.738856 -0.361745 -4.502725 2.151537 73 DSC05644.jpg

74 -0.184579 0.280292 -0.517610 -0.787049 2.286127 -1.921810 2.287186 74 DSC05645.jpg

75 -0.091354 -0.873471 0.157279 -0.451626 1.067563 -1.441689 0.153039 75 DSC05646.jpg

76 0.676869 -0.205680 -0.702031 -0.081833 -0.283523 1.460493 0.493505 76 DSC05647.jpg

77 0.894833 -0.268616 -0.353462 -0.046739 0.291189 1.453684 0.396655 77 DSC05648.jpg

78 0.956683 -0.290654 -0.016543 -0.002337 0.987238 1.374876 -0.123153 78 DSC05649.jpg

79 0.879624 -0.303284 0.366033 0.017338 0.504840 1.234758 -0.896244 79 DSC05650.jpg

80 -0.666327 0.219230 -0.709153 -0.071047 0.032909 1.213345 -1.005002 80 DSC05651.jpg

81 0.393572 -0.129001 0.903061 0.113753 -0.011074 1.209062 -1.161679 81 DSC05652.jpg

82 0.463311 -0.050538 0.858183 0.215199 0.035341 0.491996 -1.219524 82 DSC05653.jpg

83 -0.027193 0.013480 -0.999406 -0.016318 -1.072646 1.268075 -0.800821 83 DSC05654.jpg

84 0.346623 -0.086824 -0.925952 -0.122173 -0.536228 1.294020 0.016167 84 DSC05656.jpg

85 -0.002974 -0.022538 -0.966074 -0.257264 -0.888386 0.842624 -0.369925 85 DSC05657.jpg

86 0.692916 -0.094728 -0.681468 -0.215627 -0.301056 0.451973 0.507395 86 DSC05658.jpg

87 0.908258 -0.107299 -0.382385 -0.131665 0.436741 0.497285 0.276271 87 DSC05659.jpg

88 0.995014 -0.094694 0.030940 -0.004885 0.497195 0.568047 -0.063136 88 DSC05660.jpg

89 -0.922435 0.076498 -0.370385 -0.077949 -0.206776 0.691112 -0.257514 89 DSC05661.jpg

90 -0.629235 0.045719 -0.743050 -0.223269 -0.355862 0.703672 -0.314653 90 DSC05662.jpg

91 0.360999 0.054351 0.799002 0.477830 -0.379800 0.500218 -0.106676 91 DSC05663.jpg

92 0.009543 -0.022934 -0.816316 -0.577071 -0.491132 0.680734 -0.319188 92 DSC05664.jpg

93 0.443238 0.077261 -0.721788 -0.525921 -0.806013 0.098589 0.214114 93 DSC05665.jpg

94 -0.810315 -0.168320 0.442199 0.345714 -0.155478 -0.072323 0.230018 94 DSC05666.jpg

95 -0.960356 -0.196480 0.151684 0.126900 0.000702 -0.068165 0.283814 95 DSC05667.jpg

96 -0.943995 -0.203503 -0.216619 -0.143302 0.704071 0.123547 0.113034 96 DSC05668.jpg

97 -0.762988 -0.168753 -0.514243 -0.353451 0.508666 0.325934 -0.115439 97 DSC05669.jpg

98 0.364557 0.035130 -0.765035 -0.529703 2.959158 -0.434267 0.195878 98 DSC05670.jpg

99 0.590186 0.558290 -0.583076 0.003936 1.454638 2.743719 -0.770410 99 DSC05672.jpg

100 -0.701977 0.043576 0.673899 0.226252 -0.100662 -1.976259 -1.069880 100 DSC05673.jpg

101 -0.693802 -0.064536 0.623891 0.353884 -0.273511 -0.070232 -0.845380 101 DSC05674.jpg

102 0.796595 0.268319 -0.049986 0.539392 1.310624 -3.631285 0.126740 102 DSC05675.jpg

103 -0.343723 -0.350337 -0.154721 -0.857426 3.130339 -0.505335 -0.092393 103 DSC05676.jpg

104 0.648782 0.239110 -0.533565 -0.487048 -0.290254 2.821909 -1.128960 104 DSC05677.jpg

105 -0.661563 -0.435366 0.527786 -0.306973 -0.058500 -0.137189 1.191001 105 DSC05678.jpg

106 0.481220 0.570758 -0.655311 0.115020 -0.121975 0.059117 1.243039 106 DSC05679.jpg

107 0.735421 0.147291 -0.312355 0.583005 -0.076993 -0.164032 1.134261 107 DSC05680.jpg

108 0.624112 -0.312574 0.087669 0.710701 -0.294884 -0.134014 1.441064 108 DSC05681.jpg

109 0.989871 -0.141936 -0.003062 0.000002 -0.522685 0.759548 0.170894 109 DSC05682.jpg

110 -0.964769 0.262146 0.021753 0.005090 -0.458999 -2.004490 -0.303904 110 DSC05683.jpg

111 0.588811 -0.145381 0.204828 0.768252 0.776959 -2.492626 -1.090134 111 DSC05684.jpg

112 0.769759 0.208264 -0.216605 0.563187 0.641588 1.149689 -1.969747 112 DSC05685.jpg

113 0.746238 0.099098 -0.477465 -0.453140 1.440238 1.143906 -1.297950 113 DSC05686.jpg

114 0.688618 0.366865 0.581333 0.230798 1.040154 2.452054 -1.927675 114 DSC05687.jpg

115 0.420716 -0.167172 0.325607 0.830079 -0.985390 4.734153 0.220834 115 DSC05689.jpg

116 0.617331 -0.522130 -0.088588 0.581752 1.244873 3.356771 1.104385 116 DSC05690.jpg

117 0.655060 -0.321913 -0.276919 0.624968 0.629886 2.405448 2.520654 117 DSC05691.jpg

118 -0.651685 0.094334 0.420933 -0.623878 0.497566 0.980664 3.316032 118 DSC05692.jpg

119 0.626358 0.075753 -0.522909 0.573153 0.622130 -0.448167 3.371825 119 DSC05693.jpg

120 -0.472126 -0.316499 0.677981 -0.466118 0.721469 -2.154222 2.646705 120 DSC05694.jpg

121 0.305441 0.487525 -0.748031 0.330868 1.117878 -3.102107 1.262789 121 DSC05695.jpg

122 0.190897 -0.666918 0.574847 0.433970 1.967792 1.927498 0.277911 122 DSC05696.jpg

123 0.338994 -0.630116 0.464114 0.522144 1.820183 1.661863 1.168676 123 DSC05697.jpg

124 -0.453404 0.574326 -0.368651 -0.573299 1.687530 1.028510 1.773117 124 DSC05698.jpg

125 0.547081 -0.529443 0.201119 0.616396 1.222421 0.382008 2.338657 125 DSC05699.jpg

126 -0.642055 0.406637 -0.004625 -0.649916 0.979624 -0.990707 2.362675 126 DSC05700.jpg

127 0.659864 -0.201251 -0.252237 0.678567 1.181012 -2.021195 1.631521 127 DSC05701.jpg

128 -0.637403 -0.008083 0.450362 -0.625161 1.415277 -2.298781 0.470210 128 DSC05702.jpg

129 0.635135 0.337107 -0.551356 0.423047 2.568725 -1.113956 -0.854019 129 DSC05703.jpg

130 -0.142606 -0.007676 -0.880768 -0.451501 0.722369 -1.023773 -2.474486 130 DSC05704.jpg

131 0.522910 0.436198 -0.662277 0.312549 1.844796 1.952956 3.561136 131 DSC05705.jpg

132 -0.382836 -0.578520 0.705910 -0.142976 1.673592 -0.068087 4.210112 132 DSC05706.jpg

133 0.248829 0.658616 -0.709996 -0.014621 1.736023 -1.948707 3.786363 133 DSC05707.jpg

134 -0.137559 -0.692294 0.675570 0.213103 2.140232 -3.587585 2.218020 134 DSC05708.jpg

135 -0.707179 -0.156116 0.411213 -0.553560 2.158738 -0.001072 -2.189833 135 DSC05709.jpg

136 -0.556677 -0.490910 0.628559 -0.232446 2.070044 2.039314 0.179873 136 DSC05710.jpg

137 -0.406841 -0.590783 0.692891 -0.073201 2.074137 1.254210 1.300761 137 DSC05711.jpg

138 0.227842 0.662433 -0.697110 -0.152669 2.124248 -0.007419 1.568778 138 DSC05712.jpg

139 0.012611 0.684976 -0.650063 -0.328735 1.995593 -1.284449 1.331257 139 DSC05713.jpg

140 -0.139830 0.654094 -0.568631 -0.478819 1.972761 -2.020534 0.581714 140 DSC05714.jpg

141 0.492697 -0.488846 0.274040 0.665718 1.719919 -2.061802 -1.206724 141 DSC05715.jpg

142 0.648852 -0.198857 0.728635 0.092401 -2.263781 -1.615662 0.308949 142 DSC05716.jpg

143 0.644570 -0.019169 0.711674 0.278715 -2.196336 -1.803461 -0.854691 143 DSC05717.jpg

144 0.370190 -0.120247 0.919390 -0.056755 -2.016016 -0.413051 1.669164 144 DSC05718.jpg

145 0.038749 -0.013012 -0.991759 0.121424 0.160168 0.493633 2.745971 145 DSC05719.jpg

146 -0.677926 0.504677 0.528615 -0.079267 1.952624 -1.449076 0.804042 146 DSC05721.jpg

147 -0.771749 0.578438 -0.261613 0.037027 -1.165316 -2.174686 -0.164445 147 DSC05722.jpg

148 0.255571 0.653897 -0.688666 -0.181223 2.715150 3.911261 2.512609 148 DSC05723.jpg

149 0.097234 0.672600 -0.664011 -0.311839 2.740531 2.274000 3.881078 149 DSC05724.jpg

150 0.062910 -0.708963 0.623257 0.323982 1.416252 0.985310 4.762257 150 DSC05725.jpg

151 0.199457 -0.660639 0.546334 0.474649 1.768191 -1.318708 4.499320 151 DSC05726.jpg

152 -0.304958 0.637221 -0.432416 -0.560327 2.161063 -1.978872 3.373515 152 DSC05727.jpg

153 0.479287 -0.393134 0.335109 0.709529 2.100872 -4.471589 0.520134 153 DSC05728.jpg

154 0.540831 -0.287295 0.283440 0.737987 1.631915 -5.150326 -0.557720 154 DSC05729.jpg

155 -0.166183 0.055750 -0.975614 0.132110 1.762646 2.372818 4.538414 155 DSC05731.jpg

156 -0.430586 0.021743 -0.862312 -0.265597 -1.037557 -2.627087 4.128026 156 DSC05732.jpg

157 -0.221353 -0.274290 -0.935816 -0.004016 0.840761 -1.154934 4.991079 157 DSC05733.jpg

158 0.040854 0.022111 -0.306182 0.950839 0.448873 2.336076 -1.136205 158 DSC05735.jpg

159 -0.685748 -0.148730 0.460487 -0.543674 2.456218 3.305162 0.129325 159 DSC05736.jpg

160 0.304184 -0.620205 0.480726 0.540111 1.894673 -0.058768 -0.080594 160 DSC05737.jpg

161 0.399984 -0.469206 0.370172 0.694860 1.944671 -0.048452 -0.302177 161 DSC05738.jpg

162 -0.702441 0.171952 0.115567 -0.680921 2.291494 -0.249167 0.656080 162 DSC05740.jpg

163 0.743337 0.034949 -0.229834 0.627220 1.960984 -0.214002 -0.439260 163 DSC05741.jpg

164 -0.728050 -0.240688 0.379051 -0.518008 1.913213 -0.224227 -0.718057 164 DSC05742.jpg

165 0.649460 0.423611 -0.534628 0.336049 1.840789 -0.099991 -0.947841 165 DSC05743.jpg

166 0.535296 0.535822 -0.628134 0.178327 1.837582 -0.059845 -0.954717 166 DSC05744.jpg

167 -0.455986 0.015981 0.803741 0.381865 -0.194056 -1.662083 -1.671524 167 DSC05745.jpg

168 -0.302738 0.010926 0.865937 0.397975 -0.255993 -1.687741 -1.629756 168 DSC05746.jpg

169 -0.137830 -0.009139 -0.908779 -0.393751 0.031713 -1.656025 -1.574760 169 DSC05747.jpg

170 -0.414546 0.227334 0.880845 -0.024134 -0.245785 -1.279288 0.408108 170 DSC05748.jpg

171 -0.615916 0.381332 0.687763 -0.047064 -0.351970 -1.079482 0.703128 171 DSC05749.jpg

172 0.755504 -0.450641 -0.474285 0.034492 -0.265877 -1.012394 0.844660 172 DSC05750.jpg

173 -0.858746 0.506807 0.072234 0.021978 -0.105159 -1.089775 0.472233 173 DSC05751.jpg

174 0.803868 -0.478809 0.349922 -0.045735 -0.003867 -0.934145 0.665549 174 DSC05752.jpg

175 -0.593824 0.324169 -0.734452 0.053540 -0.450440 -0.921219 0.899352 175 DSC05753.jpg

176 -0.312997 0.163013 -0.927563 0.122826 -0.213758 -0.568457 1.197963 176 DSC05754.jpg

177 0.098662 -0.015716 -0.982091 0.159740 0.573714 -0.524769 1.128721 177 DSC05755.jpg

178 -0.999060 0.032957 -0.024563 -0.013756 -2.948288 0.988697 4.491815 178 DSC05756.jpg

179 -0.983493 -0.177699 -0.022335 -0.025797 -2.907373 -1.011294 4.396488 179 DSC05757.jpg

180 1.000000 -0.000182 0.000022 0.000091 -0.360326 0.909257 3.756910 180 DSC05758.jpg

181 0.987147 0.159440 0.008006 0.007486 -0.255582 -0.355837 3.778222 181 DSC05759.jpg

182 -0.995711 0.065080 0.063101 0.018516 2.655139 1.183722 4.619619 182 DSC05760.jpg

183 0.985418 0.165889 -0.037615 -0.004233 2.870562 -0.871794 4.456370 183 DSC05761.jpg

184 -0.864138 0.051640 0.464012 0.187859 -0.191288 0.273048 7.004685 184 DSC05762.jpg

185 0.860959 0.169772 -0.395956 -0.270454 0.046954 -3.075475 6.139948 185 DSC05763.jpg

186 0.694402 -0.039261 -0.672440 -0.253156 -0.140063 1.044020 4.595273 186 DSC05764.jpg

187 0.693350 0.147340 -0.584384 -0.395033 -0.031169 -1.318740 4.442466 187 DSC05765.jpg

188 -0.412864 0.022111 0.827404 0.380075 0.335667 0.408471 4.923965 188 DSC05766.jpg

189 0.411316 0.062385 -0.746652 -0.519075 0.351005 -1.432700 4.695753 189 DSC05767.jpg

190 0.001503 0.005745 -0.953462 -0.301453 0.368442 1.873063 3.190691 190 DSC05768.jpg

191 -0.008191 -0.014412 0.841162 0.540529 0.381223 -0.071979 3.633066 191 DSC05769.jpg

192 0.322150 -0.008996 0.879124 0.351113 0.709692 0.460640 6.007063 192 DSC05770.jpg

193 0.300252 0.070047 0.773327 0.553991 0.838181 -2.362837 5.348418 193 DSC05771.jpg

194 0.692013 0.082889 0.628142 0.345954 0.047954 -0.138659 4.070990 194 DSC05773.jpg

195 -0.914989 0.061573 -0.368921 -0.151334 0.184976 0.895528 5.813785 195 DSC05774.jpg

196 0.887424 0.172656 0.340706 0.258046 0.506565 -2.087106 5.326498 196 DSC05775.jpg

197 0.720297 0.304773 -0.379554 0.494191 -0.298616 -0.721827 1.282923 197 DSC05776.jpg

198 0.743905 0.142893 -0.159766 0.632979 -0.075932 -2.949411 1.091515 198 DSC05777.jpg

199 0.678979 -0.147314 0.015925 0.719049 -0.044641 -3.418938 3.276391 199 DSC05778.jpg

200 0.627677 -0.229272 0.090690 0.738398 -0.132838 -1.055656 3.339154 200 DSC05779.jpg

201 0.968923 0.219576 0.111759 -0.022007 -0.866063 -1.149075 1.872907 201 DSC05780.jpg

202 -0.932547 0.039335 0.111506 -0.341139 3.026349 1.121037 5.237576 202 DSC05781.jpg

203 -0.914731 -0.024669 0.163596 -0.368639 0.840653 0.481488 5.398101 203 DSC05782.jpg

204 0.908341 0.151843 -0.171342 0.350003 -0.072082 -0.932320 5.338897 204 DSC05783.jpg

205 -0.924157 -0.095793 -0.262723 -0.260258 4.697973 0.452454 2.256676 205 DSC05784.jpg

206 0.692533 0.049334 0.639565 0.330031 -0.484517 2.149792 1.032868 206 DSC05785.jpg

207 -0.928356 -0.087036 -0.310996 -0.184014 -0.130550 2.285510 0.819212 207 DSC05786.jpg

208 0.953915 0.069761 -0.280193 -0.081679 0.622865 2.236519 0.953414 208 DSC05787.jpg

209 0.641723 0.051117 -0.658796 -0.389316 0.677115 1.611099 1.688040 209 DSC05788.jpg

210 0.269847 0.018338 -0.847051 -0.457549 -0.106928 1.538660 1.740578 210 DSC05789.jpg

211 0.006447 0.037127 0.866945 0.496977 -0.801089 1.638799 1.610747 211 DSC05790.jpg

212 -0.823440 0.324443 0.464722 0.026767 1.126092 1.433033 -1.787816 212 DSC05791.jpg

213 -0.508369 0.169749 -0.841398 -0.069256 -0.296059 1.533237 -1.283159 213 DSC05793.jpg

214 -0.382515 0.133449 0.912994 0.048115 0.408862 1.492276 -0.808524 214 DSC05794.jpg

215 0.656659 -0.227505 -0.016591 0.718864 -0.975326 3.278454 1.208885 215 DSC05795.jpg

216 0.623393 -0.288869 0.096749 0.720122 -0.784677 1.497617 1.384065 216 DSC05796.jpg

217 -0.505989 0.442438 -0.282472 -0.684422 -0.790126 -1.822563 1.494504 217 DSC05797.jpg

218 -0.605786 0.355247 -0.126272 -0.700626 -1.020505 -2.576803 0.710037 218 DSC05798.jpg

219 -0.673810 0.225281 -0.012513 -0.703613 -1.110040 -2.828382 -0.203824 219 DSC05799.jpg

220 -0.707212 0.103011 0.201925 -0.669676 -1.124496 -2.748848 -1.590745 220 DSC05800.jpg

221 -0.059396 0.682968 -0.622778 -0.377060 -0.915563 2.129421 1.008497 221 DSC05801.jpg

222 0.089664 -0.651396 0.606130 0.447493 -0.761039 0.592629 0.843343 222 DSC05802.jpg

223 -0.118929 0.640778 -0.593790 -0.471883 -0.813323 -0.981832 -0.367795 223 DSC05803.jpg

224 -0.065221 0.604635 -0.591005 -0.529977 -1.058640 -1.426989 -1.111127 224 DSC05804.jpg

225 -0.302635 -0.313669 -0.869782 -0.231308 0.621985 1.180642 -1.884598 225 DSC05805.jpg

